16 1427 580 2044 7217 10025 1427 6029 10186 11627 12746 8569 764 6555 14853 11550 1382 8713
18 10847 7330 4077 7758 8503 14008 2070 7515 31 3126 12176 4124 2680 435 11578 5705 6071 10847 9064
22 11373 2822 11942 7456 1984 6835 10010 8373 10640 8493 11563 6658 314 11373 14918 7552 9081 6913 14916 12010 8621 4920 5380
22 13456 4850 2212 6831 10198 1304 10549 7212 1548 14012 8208 13856 6690 3209 13573 5996 5731 4497 5761 8524 9325 13456 8608
24 838 8717 12700 14884 7998 838 9901 14456 10497 14861 9676 11536 10893 10464 1257 12044 5420 968 4568 768 6427 6994 1921 13964 3345
24 10091 3811 7345 10091 718 12641 9052 10814 10505 5080 8081 12532 2159 8392 3998 10330 3770 4633 1078 12876 13154 11958 4244 10406 12841
26 2293 9587 5063 8743 6230 14189 3633 2293 11138 2702 7991 10573 10836 3061 11393 8325 10490 6250 6674 9156 13481 4386 6468 8206 4240 4014 3996
28 3338 2896 9221 12003 5239 14232 8305 8765 6759 4300 1606 9623 10798 2957 3704 14090 14123 12439 9748 10251 11184 10804 6745 587 9377 12086 3338 520 12958
32 4449 12747 7553 3936 108 5135 14711 13147 8382 1465 13292 2547 7952 1161 4449 12463 8164 1532 14178 10603 4943 2909 13772 5774 2932 11556 8417 1540 8203 2351 4661 1274 5482
32 4144 8299 7788 7502 5998 635 10623 11318 13541 11955 4694 4987 685 174 7285 3680 3785 3443 5914 13464 12266 9630 12062 1540 1992 14645 4144 14710 13525 4886 8331 4521 12813
32 6795 14439 10816 11031 14225 14049 8919 13785 5504 11786 6333 4779 11082 595 7067 1054 6717 10056 5441 13352 1315 4210 10685 8314 8634 10388 1806 3002 4058 11431 6795 3371 5311
34 5881 6623 8450 11044 9261 12816 2598 1103 8828 12113 12225 12322 810 11539 5881 6761 7556 741 14285 2918 6765 6515 5255 9327 12228 7391 7448 1356 7077 5951 13228 74 3878 3085 9140
34 11295 9940 13933 8596 8309 11833 5214 11177 8793 9233 1382 7508 4003 11295 13513 11474 12123 3074 1375 11935 2773 23 12777 13041 10079 12443 3526 11004 3163 13295 6510 1069 6933 3916 14378
38 967 4382 10840 9545 6510 3867 14559 6563 1000 4264 10588 648 8425 199 12954 5672 532 13121 10693 5205 9855 13032 7070 8978 447 2114 11889 6643 11341 607 2344 1356 9294 967 14313 5808 7869 7078 13179
40 12160 1938 3701 7856 4601 5592 2124 13812 8149 3538 796 3495 4015 12160 3109 11188 10518 13320 4791 5251 1180 13862 3352 11478 11014 14296 4938 4874 13115 11782 2955 4014 2303 7724 4363 14640 366 8355 9601 5933 14994
44 13671 3396 12198 6632 12404 12810 13691 3712 10058 12760 3611 10509 12430 6839 12915 11579 5997 13912 6182 12487 14674 10352 14314 8416 12676 9850 7699 13513 8659 3716 14418 8397 14670 6380 14248 2330 5560 13671 2463 869 8933 10816 2690 6119 6200
44 8785 11140 1547 4540 12083 7632 11175 2916 2446 13691 13458 5765 2759 13500 1116 8832 1039 12729 10473 6118 10439 5770 10056 459 1905 4147 1520 1513 2522 10497 6813 11167 12775 8785 1451 1381 10099 10653 10405 1254 988 8385 6618 3158 14585
46 5841 9960 12173 11598 7622 14410 11717 13234 9069 519 6381 8249 13026 14300 10184 8863 4482 14155 10999 11292 14915 1267 10074 4469 12034 3573 13239 114 3480 3372 2323 5841 10524 6471 11912 2751 11035 6043 8092 7671 1532 4776 8672 13877 2452 14042 6808
46 10670 5525 13691 1816 8112 7276 3260 1393 2198 2009 7334 6315 14105 7080 22 4103 7721 8560 3805 1934 10338 10670 7828 10612 1183 13365 14845 785 859 5189 10196 14099 14111 6027 13213 8442 2166 13291 999 4403 13296 2517 4369 9565 9914 7864 8463
48 4199 13609 983 5255 4155 296 6948 588 12575 2121 8424 1146 9316 4199 2079 3594 10820 12742 8476 3933 13307 6718 9697 3874 8753 3084 13747 7412 6521 11955 2804 5684 698 14505 3904 13561 44 3667 2757 6912 13327 9016 9451 6005 2799 1433 11985 8526 7890
48 2603 3975 3253 6451 66 8721 4812 10714 4391 6543 8860 8643 14642 7042 3936 14719 6591 6692 6118 13877 6184 5450 938 3176 4295 3109 843 6309 4398 10649 846 8189 7054 1640 6655 8053 3905 9049 4786 2603 12597 12445 13776 12241 7820 377 6291 11086 10664
48 5075 7577 5075 14748 956 14973 1926 1683 4995 11802 2239 7425 8373 5925 4835 12091 8088 4240 5733 12301 5596 10604 3724 14178 8869 8635 5578 3933 11964 255 10770 860 5581 7651 5707 9314 5428 583 3634 5640 12758 12112 824 4779 4950 10282 6572 8129 3969
50 4699 2713 2620 7243 6375 12715 8946 7020 1824 14103 12682 4521 853 235 3543 2668 2280 542 9629 10208 9026 259 3395 5917 4699 7446 197 7594 7166 2579 4917 4265 10702 2608 5894 6806 4923 6871 9336 3620 1898 1818 10631 10812 14094 14703 14128 14921 12581 2745 14879
52 13233 13357 10355 2479 10422 441 6168 12610 11478 13051 4284 11482 10108 438 524 6552 2607 4983 3258 5936 2289 1176 2034 10504 10518 13592 1318 14451 1630 14842 14388 11475 9014 1101 2085 10514 12271 6442 9141 13005 7078 10169 584 11961 1182 13233 14729 6444 12848 8812 12471 562 2921
52 2322 4926 450 5397 4552 4863 8185 2735 7307 7480 3764 8378 4462 5961 5435 11662 14756 1214 5986 3303 7831 13506 10665 13770 9572 6496 2921 7514 6219 2322 9273 14668 8932 8822 10223 9568 6649 1606 14549 12107 5813 12092 11425 4111 14109 3700 8718 14359 12518 7394 6026 10626 7770
58 8488 5104 2606 6941 2786 12103 11350 2245 6090 4499 4900 9714 7219 9370 14744 3007 3522 1800 4810 4250 13567 4328 3947 11908 3191 203 3833 5796 5953 8136 2826 11487 8933 9484 8007 14631 14728 8499 2610 9796 1229 8338 9527 9492 368 10906 6644 10202 12603 366 1460 10832 5386 6859 13241 7586 8488 4262 7989
58 1168 2183 10255 9945 6578 7875 12876 12642 12828 5399 4612 12189 9400 5743 3828 4322 9782 3994 11332 9209 4944 14941 14661 8129 7888 2807 11055 9776 5338 4237 9451 11820 13732 83 12904 5294 4354 1479 6313 82 10634 2254 6433 9902 6113 11647 8013 12274 14859 12159 1168 9878 5402 9522 3910 13325 7284 13125 312
64 8466 11828 8466 4777 6035 4589 5939 4539 11000 11012 14348 7437 616 1576 2907 8378 458 758 11810 11996 2095 14916 4131 1631 3302 11525 14724 781 12332 3308 10570 10626 6487 11057 10061 2275 13514 800 4935 3716 3067 704 235 5981 3987 7292 14535 3207 9504 3134 2369 9249 14224 4583 6137 8358 13741 12631 13112 9599 11366 10136 5337 1299 9658
64 1343 10821 2394 8936 6849 7470 14225 9641 2969 4149 12956 13176 2313 3577 503 4808 13633 12228 2714 9089 5710 9148 9395 13650 11094 14394 3169 1978 13738 8423 8794 14669 14149 12949 8129 6891 9727 1044 2402 14627 10197 8484 14774 2521 3665 11358 8717 6964 2483 3503 1431 10398 4560 7318 13753 10913 6447 4040 1343 2879 10364 8602 127 1440 3584
66 3530 12911 10631 8487 14608 9507 2820 8259 14006 6336 7188 1796 14253 12149 5825 13148 6235 11449 9492 5062 6372 1179 9117 10109 10107 12686 10634 9187 14511 13012 13788 13102 10624 9541 9010 5307 2404 1210 1766 14569 1269 1265 837 11206 13912 5663 4432 687 3356 429 11475 3015 11930 13780 455 2970 3530 81 11437 11854 5387 3708 5131 13427 14311 3949 5012
66 12068 441 4203 14148 7407 398 5359 11205 1778 13275 14048 9511 9648 3187 1448 11948 604 9324 3119 525 606 6639 14314 11400 13722 11895 9320 2622 7486 13569 9057 5209 7126 12068 10315 531 1638 9442 7468 8863 10874 12295 1431 1206 999 8068 3332 14399 9902 5946 5186 3059 5816 7424 5539 3298 11647 10918 4017 1112 7800 1227 13564 14371 14082 1136 1289
66 6620 12622 10371 331 1532 6851 10607 6620 6141 12272 2123 7917 14536 12393 5672 3340 2969 8697 11010 4426 6862 4027 54 12564 5165 14205 11843 11837 1054 11670 4046 14827 9955 12686 7161 14509 13031 9427 1853 1972 4444 9136 10090 4290 7132 7325 3394 9551 2061 14744 11494 13417 13742 13429 1540 14972 1683 12529 10048 6876 13212 8911 966 264 8259 5433 4446
68 1412 12051 4162 2309 508 101 13335 1412 10157 1167 3328 13226 9380 12953 5777 2132 6114 5949 3974 14965 8077 13349 9127 9433 1610 6868 2662 14611 7807 8847 7998 2848 7463 3174 8358 8701 6403 5652 13978 3966 2465 9685 3767 8308 14777 6548 5635 7348 13448 13049 14455 3001 3265 6675 8322 4681 4869 13296 2518 8592 13249 9569 2994 7235 2829 7647 13546 40 8916
68 12914 5302 5834 4611 6895 1671 14636 14925 474 1216 14963 8116 12318 13414 11034 13343 6818 5966 7213 12500 2275 3227 10103 6095 3170 1998 12266 1306 12425 5524 13734 3491 9324 7678 9354 13211 2271 379 6152 11827 580 12383 4189 10735 14648 8487 5665 13663 2694 3639 9437 3402 12914 5156 784 3409 5860 12243 7329 1346 6161 439 7061 10572 2438 7991 13509 6833 5469
70 2634 12292 14907 1739 320 12496 8435 14263 6062 7145 10339 1022 167 1449 5512 8492 14740 2719 7636 14349 11679 12117 8866 2392 840 7761 747 12135 9910 5679 11983 7581 11075 12545 6506 2584 1350 12213 7891 12805 12277 6468 14754 5377 6603 6562 5169 4211 3628 12981 4306 3787 3345 610 1619 9325 5458 12492 2634 9966 3355 9212 10203 1257 14265 14965 2324 2291 1413 1214 6171
72 8168 4287 5625 11814 3010 133 10269 512 4537 4629 2194 4122 817 14340 10954 8473 9420 3061 11242 4308 14474 4953 14230 11336 10995 7950 6455 13268 13932 7300 10718 11398 11469 742 11567 7730 9258 14752 6579 64 12224 5104 3632 1186 7989 4761 8168 12711 14004 13849 4929 5930 4292 14822 9718 4347 13489 2943 5524 6270 13282 842 13561 3957 12938 4042 2201 12402 6127 201 8863 8752 2320
74 14574 12070 14218 12956 61 4129 9033 13372 5314 12559 3109 11825 13110 9663 3626 8818 14137 10210 6679 12647 1578 7598 8322 3063 14574 4948 6229 3438 9011 12463 9590 9787 9273 11126 3299 8136 12077 5819 10566 12964 8877 4788 164 2548 3807 5004 4585 6637 9627 12289 3341 10744 11051 9309 13078 8286 10118 12853 9508 14693 6478 12715 9152 7468 3876 2647 5267 10658 2385 9374 10800 3197 7996 11826 2998
76 6008 8290 8597 7488 12527 7571 2121 10566 537 6008 9658 9185 12557 14205 7786 9533 6245 11207 10366 6476 2187 62 642 14024 695 7790 6099 3699 9433 13440 4624 2806 5663 5173 1202 2235 8883 2091 12759 8917 5061 1245 7404 14686 10757 8263 4790 8040 5879 4004 7230 8546 7977 14724 6874 2534 13163 4082 13057 12664 612 2574 10018 12127 14436 11125 9820 733 1390 13899 8393 547 12842 1849 10982 8179 1660
78 1299 7144 7487 4168 10739 8584 3339 14182 12746 2080 7968 3481 12158 4867 7631 1492 99 3188 12273 2762 10984 4528 2630 1728 1961 3667 1252 361 5460 12985 1299 4604 4964 10274 13126 13856 11722 7663 620 13207 9944 3041 101 7127 1097 2341 9744 9513 9803 7590 1695 10624 4021 9350 480 5304 6874 9180 12161 3261 12544 843 9771 13836 4542 1079 5750 9195 4687 9294 3430 6273 13975 13496 13919 4749 6848 13876 2724
80 8527 5625 10003 4177 13463 10843 11442 13114 6668 10516 14765 9445 13339 12429 14636 4454 9781 3583 10931 701 10086 9039 10801 2554 8738 3180 3613 13449 1687 740 9772 8640 9565 12089 12156 3931 4282 5330 6494 8148 5430 722 14579 3567 10905 5331 3878 13509 14157 12134 6433 145 5523 5601 10120 8527 6556 1171 5372 11286 1173 2836 5664 7883 512 4203 4707 1285 12857 7212 9402 8905 7599 10244 4850 9810 9972 3099 2812 5981 721
82 997 7865 7086 4206 14099 281 7949 8266 9303 1568 10766 1048 8450 416 7032 5915 2627 4798 1982 6689 14608 12551 4621 3393 7886 12921 3885 759 5413 341 1160 7484 7539 7008 5261 445 3034 8310 13911 11788 7159 235 8590 9148 3112 412 8459 10981 10071 13746 5947 6742 11114 9413 11878 107 8385 3346 3905 3627 11957 8626 9541 998 12485 997 4018 9355 11408 13596 4125 7155 14570 3356 1793 1649 12504 1651 2353 7133 6037 2273 9087
86 1441 4669 12866 11630 6207 13028 1302 701 14000 8144 7722 6329 4307 13549 14286 10731 4625 9045 10207 1030 11050 8093 4512 11859 12701 9263 11379 2603 4609 24 7170 1862 5347 1502 4473 6404 11587 8958 4784 11451 12240 7923 2674 8973 2466 9116 14435 4511 8887 13936 10335 12446 13230 6946 6968 9062 10625 12986 6139 6957 3237 4638 5126 4361 12337 873 2058 10570 12401 13705 7199 10188 1441 4769 1371 14144 10048 14328 10821 6904 7261 13139 7832 12554 1014 2722 5031
86 12188 3609 13269 8303 2030 13652 12313 1401 5176 13988 6482 12555 11967 10188 93 8055 3634 2400 8720 13400 8850 12443 2237 13064 14861 5747 7257 12717 11033 3692 1889 10106 9853 49 6324 12787 10884 152 326 2628 7437 2781 12524 10175 5710 7706 2553 5862 2031 1770 5582 1528 12741 11297 4127 14746 5920 2435 4272 1797 14733 13974 2721 5416 2687 6081 7959 12233 14480 8757 7857 9258 3047 8096 11901 11227 7184 6620 12188 855 7418 2830 9164 9601 8960 2016 9297
86 2359 9612 14931 10079 2193 9904 7976 12288 14463 10422 12540 13073 12522 8744 11364 8358 12169 4210 8653 2572 578 6457 14999 14455 10113 3205 13789 13817 5318 14219 11466 12570 3256 3002 6053 5200 1505 6191 12156 5794 12696 9318 10921 13010 2946 807 10445 3857 6972 9229 4012 2852 3925 6781 4440 10553 3377 652 11787 12472 11858 8217 4529 4129 12922 6322 7015 9951 2359 2629 9379 13499 12959 6021 5109 12835 11729 309 2200 14595 2866 13874 4181 5926 9646 507 6679
92 1384 4835 401 9721 8771 3827 6232 5776 10918 3142 544 2370 4650 764 1836 3741 13064 10855 7480 4561 10274 11618 12735 4488 13798 7651 6485 3049 9289 4862 5829 3630 11129 4040 8806 12901 1384 10415 6849 14263 7987 8108 10127 9512 13193 10102 8049 2581 9924 7154 788 12251 903 13217 5116 8310 12912 2930 588 7281 7772 11435 7807 14586 3589 14689 2592 11736 11652 3859 10154 8048 10723 3998 10998 2724 2080 9449 5940 4380 11915 9468 4395 11595 12080 2261 8035 12992 665 2574 6732 3162 6332
94 14390 3069 9843 12600 13567 12319 13180 3338 8495 10573 6014 7809 3855 6920 9410 12232 4416 13971 13504 7161 5495 14942 5865 14381 12784 13684 12435 14368 14262 14750 9154 12273 11345 1187 1969 1658 3372 102 9451 203 14482 524 10946 597 5632 14260 3670 12732 437 8265 747 5126 11091 14256 2839 7826 14012 11857 5461 6930 14686 1427 916 8273 8363 954 10720 12631 9493 2105 2642 5984 13703 5007 11343 433 12442 7740 3110 3344 2997 2237 5026 9085 10411 7555 12008 6784 14025 3802 14216 5403 14390 4390 14032
96 5373 12820 14126 11370 4418 6039 5948 5101 11345 14711 3517 11996 3266 14495 10076 6276 2443 13390 1109 6509 14106 2726 14129 3133 1827 14143 9342 6546 7890 4053 12135 8551 11038 5753 8302 6754 14025 9987 4405 10715 8752 873 4641 1634 3012 12893 3347 14754 10342 13791 2337 67 9735 5373 12550 2774 4199 11940 9134 14239 11334 6587 11007 4484 13197 6695 13320 10015 6147 12684 9104 2901 13902 13620 14276 130 10046 12142 11475 5936 8635 1037 13812 9387 3210 7703 901 13815 10162 10099 14849 10639 11185 7748 5307 10422 13432
100 7655 14983 10269 3919 9496 2839 14987 2400 2794 14416 12116 348 427 2458 4529 8285 6623 2033 4497 8538 13029 4511 14860 8330 2 6554 6986 7347 2583 13398 3982 6754 10878 12069 3233 3173 7655 12048 5651 7652 4891 14159 9157 8046 12289 13164 9198 12068 9058 9462 14660 11815 1891 1308 7839 1581 9492 6856 11864 1437 6887 1319 8493 5463 8384 2429 11000 9734 4729 9888 4593 1627 5792 9627 1895 3197 14336 1842 8766 14566 9045 4585 14133 1154 2727 14786 10856 1643 4781 13772 11921 6507 14802 5649 10735 7129 1070 7227 9932 3341 14166
102 3986 6997 7799 2342 10296 12752 1826 11561 11643 12552 12670 13477 11324 1795 9119 7011 11562 7682 10279 6184 2746 14758 2099 10937 11571 8222 7699 6428 11277 3765 2002 12575 4191 6185 2913 11455 4713 11271 8405 11204 5806 7491 10392 3711 8143 4995 10341 3601 11900 13196 471 10171 1840 2608 2050 13686 652 7401 2228 8022 13785 2480 10546 1177 1566 13175 4255 12281 10777 7179 1276 1090 4511 1138 9544 3993 11350 8296 10977 14517 7232 8214 4368 11941 8912 6289 10061 5811 13539 3986 7335 12795 14681 3301 13484 1110 14499 4621 9575 14108 5309 13374 6686
102 1607 10906 6775 71 3768 8271 8432 7443 5141 295 3856 7651 7495 2042 10774 13771 13442 2422 14985 710 7559 6262 10061 1607 13779 1739 13298 11013 1140 13644 14967 3150 3176 14013 5576 10848 8967 2997 7624 1677 10752 271 7832 1957 14358 162 8945 11361 109 8839 12741 14891 13540 5172 9496 2720 2685 9072 1316 11875 3591 10949 12848 14048 9367 8532 1807 8006 3645 672 6241 9386 1497 9815 14084 8573 8843 2803 5922 10302 7915 8826 11419 5926 14262 6374 1719 1755 8533 4721 7471 4232 4568 14318 9464 4968 2703 14921 6401 12837 6135 2480 4261
102 7822 1494 13867 514 5125 5129 10542 6126 14395 714 7241 4587 6599 924 14815 14276 2409 9472 14836 6222 7060 10173 10033 12288 6451 7822 11694 5737 2407 6121 8324 5867 5841 8469 11514 14626 12283 11980 9425 11243 5333 3582 11952 3554 14513 12684 11265 11258 4510 12979 8511 1982 9625 6057 14129 4673 13237 3845 11096 9859 8628 5199 6408 5729 13608 11357 9849 1506 5846 102 8427 6054 98 4593 6201 2520 5134 8685 118 11368 3539 7873 11839 1031 5814 1657 13638 9846 4379 1623 7197 9046 2968 12611 12336 12857 2383 5223 3478 3454 7355 12865 14117
102 14865 918 14495 8117 11684 6964 4374 7203 10820 2266 1917 3130 9621 4069 8139 6664 4688 14277 5606 7278 14625 5256 12819 11871 4567 2050 11195 13732 13116 13994 12919 3554 14310 4550 5700 8531 7528 2712 5038 6630 8115 7374 4507 6422 5618 6957 4823 8127 8152 6229 10194 3667 10463 14333 14921 1808 7573 756 739 14324 226 14959 14865 1953 2789 3423 850 2301 7183 5862 5823 13577 1556 1407 5681 246 5096 533 1845 2868 14998 11185 483 4561 11459 14755 2953 10113 9056 217 6100 1590 13368 7109 5822 13779 5181 1405 9652 5124 2596 14234 11808
104 3664 1616 11780 14052 14711 3975 10787 12085 2915 5292 9840 2620 8595 2331 1274 5717 10911 10732 12927 7151 10533 4862 3664 14771 14032 12973 272 4565 7352 11208 8931 4035 13931 11497 12880 8275 4197 7518 3900 10198 98 10737 12077 11135 7532 11645 3857 3570 14315 2777 63 1923 6147 4680 4146 13431 14775 7655 1435 1969 9097 12260 3532 1918 6412 3648 3291 12267 14142 2082 11187 13256 13178 5470 6276 7653 9505 14845 7672 889 3433 8888 1559 3998 13161 13183 6228 11082 10435 5848 11389 9697 2035 6924 1235 9647 6738 2230 12034 5094 2858 3753 9235 893 13747
104 14939 4436 7211 11402 2749 10597 3302 13597 1810 9093 9722 13549 13339 5512 10202 12813 14992 4549 575 13949 8563 13443 275 9742 11147 1587 10242 5841 6268 3587 14268 4092 11787 2962 5559 14029 12934 3632 4697 4442 7386 1093 830 6781 9219 12085 3663 881 7680 10794 1162 9092 3894 8191 13094 1875 2409 7435 11228 10570 3060 9806 8854 7495 4557 1103 1389 5850 10930 14842 11136 14939 8110 14596 8416 1319 2106 4164 12625 14229 2528 13278 6020 10480 11535 12988 12305 9087 11104 11773 4537 2544 13801 13484 12877 4284 11766 1939 10962 5532 3967 8510 5278 3437 6305
106 8014 7225 2306 13949 14461 6257 7923 248 12909 9495 1835 11686 9114 3073 5488 2557 10644 11431 4039 12885 6128 3306 9342 7399 5922 8566 2186 10148 3554 11505 7339 2885 5525 7709 3639 13541 3720 2755 3455 11800 717 3607 10176 8367 3173 7063 3466 12049 3067 2822 2564 5983 13403 1468 13090 13842 6884 12474 14214 5280 6572 97 12460 46 14772 10248 535 13471 4643 12551 3015 4300 2392 7568 14840 12578 6807 6418 9546 7773 2108 12235 6351 10351 4540 5062 3730 3755 8573 14765 10894 4875 7782 10446 4353 7064 8014 1776 14219 3856 2724 6302 13725 2986 10496 65 4894
108 12478 14996 7469 12478 11922 14501 2383 6943 6304 6638 4361 3757 8077 6702 8715 8966 3451 5729 3767 7145 1670 10219 5640 451 5284 10948 4188 13281 8243 3860 8988 11369 12136 1212 12735 9429 9121 6668 6131 9765 4292 12383 10506 1343 7440 10444 11631 6353 13578 11068 12840 2676 4227 13138 3498 870 8133 13319 2034 990 3192 1392 6837 404 6780 10398 13255 7457 14974 5504 1679 10578 5063 6465 6421 7665 12097 2650 7429 8730 9385 7 12162 9239 3991 14533 14970 6518 12895 2293 14157 1994 10503 3474 6550 11710 11578 10989 7045 8529 6203 124 4339 986 13934 2651 6252 1356 7102
108 5273 5519 8161 5822 6878 8253 9891 13609 339 207 7662 9245 11428 182 8222 5980 13506 13435 4284 13591 10273 9739 2043 8767 582 13128 6959 6942 10840 5095 6605 2266 7628 3493 13307 2048 12120 9844 14827 10263 297 6827 6385 1253 1809 546 10751 12157 11768 2779 2139 10679 10497 5075 5567 5273 6946 7275 5727 9304 6729 2539 5784 4141 8871 5803 2071 649 8801 5256 11784 6492 11052 5937 2144 6861 7028 5864 10447 6405 13150 7415 8854 12476 7116 6403 7700 2788 7964 6148 11953 11073 5623 8263 14534 6028 5526 874 12773 10191 14042 3423 385 995 7857 1397 11329 9576 11363
116 12124 13738 1884 2541 7696 4401 2030 7145 14918 4921 9755 11884 6330 14303 722 13493 8847 14085 10452 367 327 478 9639 4262 4457 13022 13475 13593 183 3950 1791 9571 12374 7658 2578 9406 3169 14437 3014 1177 14743 11353 7326 7076 10786 9408 8571 14472 5511 13039 6388 14995 9774 2521 13387 4899 9989 6219 8232 5708 9341 14481 7139 14847 10501 2955 8446 7435 5220 11149 2396 13424 8095 6281 1011 9899 3721 4772 11030 1754 11520 12720 11815 579 9291 3565 11423 11868 8 12332 5620 11027 666 2315 11472 5623 9236 819 845 13403 8949 4868 7401 12999 14806 9400 10534 14974 12124 140 8112 758 7567 7575 13816 6457 3651
122 6116 3512 636 8390 2674 10069 365 9390 13370 10511 2983 2732 12937 7636 11770 5814 1447 13736 1662 876 12860 3340 4882 5725 14595 3482 10805 4672 11935 12295 7969 8039 8193 7915 13410 340 1193 5671 83 738 5268 841 5670 8922 3612 1508 8111 4823 753 6250 11422 4340 9457 13481 12188 3199 2423 3527 3498 7119 268 5713 4671 11375 2777 5012 12038 10504 3939 10832 14205 6732 11776 9878 4057 14860 9769 10720 12831 1938 14913 2959 11358 6878 6116 426 8366 11243 1373 303 8763 5407 1941 1031 10763 9239 2290 1354 1649 14968 11388 4010 12207 14879 5343 5786 14072 11370 8803 7533 10278 4867 1689 11785 2445 2888 4864 10191 13950 2482 11058 13418 14327
124 4910 4910 8681 4950 11998 2665 2107 13714 8551 9905 4889 5030 6042 3138 13781 13176 4295 7077 3881 4299 13282 240 13823 2312 13747 13424 8460 6782 14872 6046 2197 1750 11982 11900 8106 7139 4988 2093 10056 13128 6367 14094 1219 9328 3937 6255 13971 8110 3366 6951 4052 14756 2776 7279 1218 12375 4203 7211 509 9410 4915 11630 3076 4214 2610 2781 12747 12555 4016 1503 7550 10532 9853 8896 12107 6861 13744 2365 7104 10859 9493 3256 12254 10463 1909 14592 5469 13746 6559 7717 12195 3662 518 7246 756 7517 4860 6027 8417 9120 5901 10809 386 12499 6068 13945 7669 5256 13477 6576 10988 10961 420 1260 3151 11541 7383 9805 6070 2189 4270 9549 13436 7737 12020
124 13185 99 12425 9637 2693 2184 14993 7970 5062 7944 225 11139 14484 3029 6895 9094 13185 9901 14401 13183 10492 291 1027 5276 7766 972 11015 2132 1175 10331 9622 8455 14016 3393 567 8487 12028 8495 13296 7804 9663 10533 6241 10286 11048 12770 2332 7700 6832 14860 1918 9334 14921 1550 8294 4664 5716 1082 2956 13294 13466 6838 9370 6264 4426 5130 8472 1908 8200 4976 12899 2562 14632 14111 8946 13434 14849 7177 8554 10393 4437 10513 5334 1001 1598 2215 6842 3332 3395 11760 3935 8831 1108 7003 9510 10778 5113 6808 8321 4685 13544 6939 9978 1267 12360 6248 14671 5431 10563 3486 14836 6102 5176 1677 6005 11747 13616 148 5581 809 3693 11329 5611 2909 13450
128 14763 10811 3829 1699 9418 7511 5703 3139 1937 14857 6815 11354 903 8396 11991 674 10459 12931 12550 767 9690 10778 7782 8098 6698 12946 7838 5622 11103 7913 1392 4262 13812 8040 758 13741 6075 11107 9950 13155 4483 12461 3645 7282 3978 14226 5870 2675 3021 7438 11937 12119 13810 7007 3811 7226 8599 3462 6987 8586 7322 2157 13781 1084 1912 14002 8547 2820 1277 12561 10175 11893 8190 5244 551 14585 4167 8021 317 10678 7727 6906 4114 5394 1118 4875 14443 14865 8062 14763 14913 2079 913 1500 8986 11207 8280 5615 4267 14610 6818 604 2242 1363 1826 7487 12664 6358 12589 3418 3239 762 1451 3716 13556 10610 11728 13329 1169 11984 14015 6764 188 5496 6348 6066 11067 14405 12074
130 10597 9045 8405 13707 12958 10707 7041 11689 2377 1071 10436 9217 1215 5485 14949 11962 6097 10498 13080 13778 9986 5268 14565 2558 1652 4058 9358 10845 10473 2272 14128 6548 4386 1928 8635 4359 4668 8961 12266 11848 2204 9143 4354 11640 185 6883 5431 7785 9363 722 10705 781 6770 21 1352 8768 3061 1129 4907 3904 2229 4443 14646 10262 13527 13446 13342 3002 13275 1611 13285 14947 13110 6649 8470 8924 7998 3822 10016 11098 641 4917 4477 6800 9476 8816 12882 831 8906 418 7683 3180 14989 14526 1142 10765 448 10428 13017 183 5708 8941 12235 14083 5728 13857 14437 1082 10409 193 8123 9599 9262 13051 6767 6743 13064 7201 11567 10597 9545 8256 7573 14124 5307 14840 2859 4509 9898 11764 1189
132 6096 13818 3203 11869 5390 6745 13482 9746 672 9986 4547 5782 7815 8158 4619 9744 11122 12826 13224 6248 3753 2883 11908 3536 10164 11806 9683 13825 2405 3863 2202 1998 10432 534 11811 5354 6096 3256 1967 6911 9208 11488 12195 946 12349 3255 3702 11343 830 3172 14004 8014 11559 4507 10549 4620 5196 3133 6427 4784 11736 13164 9252 4469 1884 4007 4823 13595 4431 14609 5301 14060 6322 187 7249 10412 4044 7980 992 1769 3140 9784 4605 4030 3982 10490 7814 10854 14621 14112 223 2774 12408 5506 6784 5652 8451 509 14255 11531 14860 5334 4494 2773 3074 11629 1134 4122 1354 14658 2988 14184 7563 5259 14549 2839 6970 11552 14407 10978 5098 7886 3683 11688 9288 4505 1675 11936 11950 2145 4383 2591 13674
132 10570 14594 14423 12402 4986 5299 2281 4273 14666 2821 12634 13556 10691 3972 1312 2736 6623 9868 13687 5888 2793 13122 7038 7196 12015 12531 722 4576 12943 11158 10821 7849 125 6180 3762 12212 1782 7220 10975 14142 14921 4398 4616 1161 12650 8097 5085 9022 3808 8638 12028 8786 1439 978 7037 1660 8831 13974 7885 6495 1291 6513 10208 1116 12949 7782 4414 10782 7173 8527 5460 3779 13070 7334 12304 3492 878 10904 3301 2071 8181 4537 5144 8384 7843 1562 4972 5783 5521 12243 3477 9306 12987 2921 3156 10570 8409 2004 14686 12131 7924 3623 10826 1478 6492 14335 12488 14376 5870 14363 2680 9882 1790 11325 9489 9979 9863 14891 10940 14052 11246 10070 12480 2122 8228 2789 6308 4457 13440 9796 3041 10033 4609
134 2596 11208 6163 9927 7122 13622 10982 7027 2510 9252 5926 11284 5025 8018 11669 9251 6396 11686 13824 5752 6017 9529 14015 6611 11348 1243 11622 6504 906 322 10905 6177 9471 4599 6649 36 5463 8942 6725 4806 2596 11150 4131 9381 13331 1567 7640 13017 12732 12704 13912 13332 3611 5849 3912 3224 951 11414 13179 536 10997 13042 575 5392 5723 14942 14429 14857 3377 793 5359 8419 6285 528 2519 11722 3873 10607 9373 4062 10287 9235 7698 10957 3711 10560 12416 3861 11460 13441 10041 321 1270 8012 9524 14234 966 13284 9138 3072 13991 6171 6274 7115 8817 2968 14842 14701 1233 7335 561 1126 3172 12795 1926 6143 4342 4310 1809 4950 249 2312 1574 3018 1578 9890 5839 371 14471 7351 11353 8341 13301 9516 640
138 1328 4512 9670 4133 1798 9555 6009 6709 13343 7826 9240 4098 4845 1224 13247 8323 2910 11420 7790 14530 5838 6853 9179 281 12051 1636 11211 4213 4918 7658 9379 7597 12981 7160 5397 496 4163 3442 7133 11499 10675 6204 503 12926 3968 1355 11573 10299 11352 359 5224 3967 9413 2377 4143 3439 8256 8618 5919 1594 5141 129 8836 23 5128 9104 9412 6523 8850 14921 12389 5658 8418 9131 12280 4200 7369 7342 8473 11926 14883 2085 6822 1055 4299 7883 5860 7931 8205 11349 6491 14105 4478 3765 5257 12856 3314 14153 6955 244 12195 9854 8338 1235 13279 33 143 11115 2478 9147 4668 10478 2436 3879 14140 3031 11155 9429 6778 13140 6785 11368 9471 12269 12411 462 751 12029 2623 12599 5818 10842 14430 5222 7844 1328 13992 10135 3391
142 3870 14903 11867 14163 12466 14132 3161 11989 10581 11001 12767 12125 602 12857 9863 197 6722 7834 11888 14797 11165 9539 601 2941 13933 4195 13187 3604 3971 861 10426 7880 9843 10481 5193 9318 7903 14993 5285 6990 13469 10583 584 6348 11995 2334 1983 6289 1354 12820 9934 6083 6552 10984 4988 4261 12313 8587 7552 579 3863 7574 616 9672 13422 3072 4402 8057 8479 177 5320 11524 7164 12431 13769 7262 5266 6207 7055 11113 4769 1399 3904 3242 2357 388 14151 14197 14431 217 1008 13516 5277 11723 6515 5049 10036 1132 5881 10804 1083 13426 11635 13834 9022 8235 14664 124 12649 3051 10873 10322 3870 5502 13953 13040 13135 12023 8577 10257 6031 14255 7397 2661 6457 14440 4646 3272 11745 14725 14006 366 5824 7636 1988 6877 3762 5724 7495 397 11321 10799 6382
142 13366 8641 12850 11290 4822 1099 8907 4495 3104 1395 11566 4962 288 11641 11636 10398 8222 11300 14218 4465 5655 6934 880 6782 2937 8484 4579 8888 1574 10207 6928 888 13366 9557 300 14005 1221 14481 14579 3209 4279 659 12409 13086 65 11401 5266 9460 9140 8919 3201 7803 2928 8698 13645 5514 6061 3480 14945 9198 4346 4757 6791 5246 4576 14073 14587 7708 3975 7632 12242 4738 14636 5234 6630 6737 170 10903 14782 14393 12568 14157 5667 4541 2500 13423 8169 10265 351 1427 5764 2699 11556 4026 2064 14618 799 2346 11509 13570 8241 9925 6760 10517 1406 9289 3411 7474 869 6915 11256 871 7105 8726 13174 3011 14687 9008 4362 803 3397 13246 1617 4870 5720 8991 9633 345 10995 13788 375 10115 3635 14476 3160 14359 2122 8542 12255 7163 3742 14858 9399
144 8207 9667 493 8207 1338 8906 3063 2412 6613 9748 5257 8596 5204 13666 6441 2680 4757 9530 7742 1707 8610 10266 5383 12969 10234 13045 9473 1017 9993 4678 13209 14396 601 8083 13486 8860 6225 13051 4802 8441 11869 1194 5879 12994 12641 12014 8878 10390 10604 1138 6367 8045 9936 5837 12931 8538 5065 12535 3193 6462 13678 8253 5153 5579 8942 271 334 4549 12147 4873 11742 12394 8712 1128 10763 771 4651 1811 1081 2090 855 3495 1327 6216 5758 9645 12445 624 12981 9325 7533 10584 11956 12067 3733 5841 4754 10555 9671 2216 11000 11954 2054 7519 7262 7858 11103 2196 4095 13532 5713 10508 4583 11226 7883 12116 14406 12055 13740 571 9687 11247 1403 6773 8243 4298 7029 1852 3774 11768 7403 7676 11626 8127 7565 3964 11235 3625 4730 3701 3750 14269 1489 7841 8921
144 13640 12110 6376 11506 10949 289 11454 14809 14490 8135 161 1246 6241 5102 6690 13160 9179 14010 14975 1905 1471 1830 9599 2432 4648 1171 6571 12875 8023 12084 10180 12004 4936 6076 5455 3884 4221 10536 14066 12461 2748 1749 5641 7789 14625 11938 6855 2640 1032 8870 3968 14127 13804 2088 10423 7417 12546 6823 10364 12321 13640 9774 7147 10905 1944 7958 10142 3666 11628 736 1368 13975 2928 8542 11487 2990 8144 9085 14294 8709 8809 8800 6363 11999 14819 5890 7623 7630 4928 2823 8524 3018 2521 6067 6722 4239 8159 2892 7159 7730 1955 621 3973 11773 3711 6227 12910 7170 852 11397 14144 11786 5091 9900 12021 1180 7735 11930 3297 10458 10703 693 12869 7584 8908 5257 14771 7992 12640 9735 6641 2004 8091 11582 11529 14616 11307 7561 10193 5329 6747 11337 13192 8129 437
154 5126 11109 11238 89 13211 8936 1762 13998 4576 11769 11893 10897 8813 12908 6483 10911 3717 2250 13412 2868 8900 8645 7776 9760 10674 1180 13338 1985 11286 4029 7203 9646 3296 3139 5263 4734 14532 7702 4211 6932 6454 8159 4392 3908 13259 11746 5126 11905 3720 5719 1468 3126 3741 5677 10912 4970 5871 2580 8363 7313 7732 10651 10381 13475 7151 13323 12512 12216 1669 4224 4516 14460 2877 3275 1583 11819 4137 8610 12280 13300 1554 852 2404 1097 2850 9863 5471 10086 10078 6233 4992 1740 11552 6585 13514 331 5287 14879 9938 9645 8045 12067 1019 13970 6406 2477 1179 9105 3502 10767 4782 11735 11148 8886 14339 7669 14646 7833 13862 4677 2554 2484 12328 2999 6934 13100 12978 5053 1233 37 3778 9360 3548 1853 1502 14948 3282 7401 9086 3977 3171 12730 321 7741 12514 9379 7083 5909 11336 6654 6702 7582 8506 5919 6044
156 11294 3899 9052 11943 601 104 11294 1745 8247 7708 8620 3518 7103 2321 20 4806 4425 6579 12343 9426 11651 296 5001 6553 4820 4050 5378 5710 1994 2991 3117 13846 3478 11283 7209 1616 9723 11680 7912 5752 4031 739 10762 7848 4791 7749 9067 4855 11098 9558 8017 2907 8597 5032 12279 12281 2260 9959 8136 9560 11117 2251 9491 9427 8479 12040 6643 12680 11156 4442 8818 5533 8284 3227 4871 7703 2992 5852 9673 10031 1353 389 3237 2731 10828 3171 13889 12424 8819 5691 11095 5274 8041 1108 7511 6447 7950 7979 12268 5630 1650 2454 11025 315 7145 4893 2007 2355 5610 9913 2678 2948 11577 6203 14187 4169 3651 9290 14781 6501 7793 10250 12301 14792 4407 1097 4064 10117 11757 11897 6488 13330 12277 5152 8130 10494 5442 8541 14921 3742 13135 2714 6096 1292 14578 1914 742 659 2281 6961 2288 6604 2041 4879 10916 14215 11620
156 13314 2050 8399 6618 5174 13299 13281 12839 9147 8265 10952 5699 14156 7951 6052 11063 12921 11598 12928 8417 10984 12727 12167 5075 2703 4692 4704 14079 13115 5356 12136 657 13254 7711 7633 3818 8984 14641 6373 11512 3424 8236 2111 2857 8442 10905 14015 12037 12348 14183 844 7664 5548 1540 12302 7753 9303 11334 6976 2879 2967 8745 10302 3417 9043 5637 14395 11163 11229 12710 1918 11288 3410 4494 6094 6350 11079 14926 12626 4381 8644 1535 7846 12653 10609 7172 14598 922 13381 2591 2770 13314 13108 7629 7191 9033 4900 11641 7513 10912 3767 5496 1937 14276 2820 14862 6244 5221 931 457 10408 187 6710 11699 8877 4044 8882 3855 6069 1606 10632 10185 2394 424 13428 1341 6665 2559 3825 1250 9515 9083 10206 1235 3461 9878 14371 4917 12871 8395 9108 11562 6855 6037 5024 5149 12557 148 7732 11922 6884 498 6495 10689 13719 7424 11264
156 4629 13149 9905 126 1457 14785 6917 2006 5071 5088 7519 13184 10293 10195 7629 14961 11608 164 2229 3319 4629 8356 13498 8104 13340 11833 8269 1723 5656 3615 4473 11711 9889 10366 8275 2461 1334 11948 2889 5759 2545 8503 8439 5872 7109 12048 3248 407 5364 4232 6042 12579 14353 13168 4720 3662 8110 5931 2119 8997 9767 5256 14721 6092 11748 13992 6049 11075 10611 13323 2124 5360 9840 10767 7057 6833 2284 6354 981 4230 3371 4378 17 3190 5630 6439 9383 807 11563 688 10736 6877 12738 11462 10226 2462 665 10219 4515 13911 613 5793 8094 10236 11836 10468 14252 13586 4714 6973 5185 3374 5506 6131 424 414 7119 3750 7449 11889 11122 13450 5592 14637 9776 8551 14837 14504 3170 1962 12540 7679 9744 12883 3726 10059 10225 3067 3215 247 8513 9389 11682 761 5165 13493 13846 14550 1961 503 5383 2225 9066 9302 9921 2398 13387
160 1354 6204 9426 6490 7013 2138 7785 2352 10618 2482 9833 12473 7048 12037 11984 4788 6183 2284 3974 12099 5156 4056 2939 9950 10979 796 5923 2228 4287 10221 10656 8873 7298 3355 14236 11755 10133 8672 10340 22 1814 14246 11294 8923 735 9096 10327 8948 3359 7973 2461 13280 1584 14314 144 10822 6251 14503 11979 11991 14378 7304 11793 3618 10524 4487 3360 1812 2409 10235 9853 7186 556 3027 5405 2793 1317 13873 14282 13842 2964 2325 6145 5185 8970 9047 2554 9183 4158 14437 11184 6519 10132 445 3869 10489 2358 6577 6343 6483 5137 7142 2391 4969 5111 3814 7310 14743 13850 9232 96 4925 10963 5529 13980 14772 8564 13921 13134 1354 3737 9079 5072 10697 9437 3491 4562 3043 7614 13719 485 558 14716 4927 9372 4413 8440 12003 6754 4165 13443 11311 631 14222 10369 10379 12152 6420 4825 496 14960 9794 1369 9589 5877 1667 7192 10707 3068 14880 115
164 6775 761 2206 8744 2426 13990 4179 9086 13527 6160 2981 12056 3445 14698 1625 4087 8014 14093 8309 13776 2865 4719 1153 3558 4935 11007 10215 7716 1571 8119 5709 12149 2898 6939 12332 2568 11661 14852 2213 6169 1595 11281 7625 3973 12403 12603 1 14196 12612 9386 10345 12974 6466 13434 5907 2964 10241 14108 10008 5906 884 9499 9233 9994 323 5880 12977 6756 10480 10631 1915 7420 1624 6890 12081 11217 13601 8034 10501 1376 6664 13417 4757 13442 13311 11877 9848 14228 13402 9482 677 7174 12482 5541 2843 10013 2950 133 14668 10149 11001 14870 7931 496 5702 3557 5809 10195 12077 6775 8993 5308 2363 4095 11120 10821 526 7124 10524 7976 132 11649 13225 9957 12628 6333 14478 11964 13896 11136 8653 972 13681 10855 10159 9633 8385 12796 12469 3146 4792 14906 12347 6913 5020 6875 7319 11659 3479 1837 11356 2516 4957 8245 1791 7161 104 3423 7062 4510 3376 7870 11325 453 14160
166 8149 11859 14296 10883 2189 12487 10764 12344 12220 2668 12928 47 3440 10861 8149 12912 5472 2134 10816 5121 6725 3175 10399 11793 7716 10826 10666 14510 9185 4331 10705 7272 3086 14908 5836 11806 13157 3926 13932 9624 9080 6909 1436 2369 13448 5396 2772 1671 5731 5748 8145 12383 12138 13673 11234 10375 5772 12501 117 6034 10848 4507 2985 8749 4338 2610 4448 14748 7828 4125 11616 14490 492 1926 7365 13244 9033 4256 4880 11188 546 2592 13819 11217 12880 14807 14986 14095 2085 5415 9451 367 12367 13935 12753 518 13951 8262 7484 10473 12133 8674 1009 5779 5024 14021 8347 10282 14398 6575 14820 9413 13910 4310 10005 3797 7134 9418 10376 13820 59 8225 1616 13894 6405 744 9043 5292 14482 11075 4181 12498 11845 733 4187 14822 5966 5450 9769 12618 2084 4078 2065 8282 3245 780 12517 10483 754 7469 2876 7302 238 12904 133 8119 10516 10659 528 3438 13628 4485 7736 281 1843 1972 14992
166 8611 13392 8093 14419 10371 3865 2746 7835 5013 8435 6360 11210 1363 12916 11176 9581 6911 11778 10613 3778 678 3507 11302 9871 8066 13782 11829 2068 7457 6917 13510 1274 12896 7378 4413 4688 7099 6576 5471 6149 1407 11691 7784 9799 8468 13481 13652 8698 9831 10623 5756 9187 14924 1315 5784 13286 2471 750 9108 13719 7600 1646 6679 10632 12297 10339 12644 7074 5926 8322 14286 13512 3932 5496 3831 11696 14365 8611 3618 7836 14237 8019 93 3688 8302 3873 11064 6365 4872 10071 12798 14816 10587 8928 3511 6988 10584 7184 12296 12924 14282 6094 6869 12595 1699 9059 5545 6257 13792 14223 10236 6245 5231 7878 6879 2664 7727 7968 9080 13010 13532 2137 9478 14430 8562 6082 11375 9416 9248 4430 13086 13865 2348 14464 7786 12449 5263 9513 6978 5833 7325 9502 13509 13649 8042 10750 4772 1378 12696 6815 12087 9934 3500 14504 10812 13591 1289 1283 12807 2252 4913 12045 12504 14165 123 8159 567
170 9584 1397 13706 13022 6233 1375 5612 5327 11979 8121 9407 4271 9519 11591 4154 6197 2338 761 4498 433 6710 7181 8089 2222 11002 8161 12261 12551 1986 2684 14254 3011 10222 11117 3109 11656 6092 12392 5251 3024 5181 8921 3581 992 6601 2188 13881 998 6855 5414 14738 5307 8890 3150 1420 8611 8440 5283 10838 3354 3984 8163 14236 1305 6125 8244 714 3347 7584 1927 11478 2416 5322 4634 1179 5772 5753 4635 2081 13741 13335 4607 5434 9219 7117 5643 6684 11935 8333 2530 6289 4802 411 11972 2659 10981 1609 4733 13613 6409 8024 1204 4996 1466 3595 9105 8809 1013 8462 281 6400 14660 8534 13717 13257 2112 4311 1602 1024 704 9584 7969 11321 9912 10460 4175 14615 8181 4715 10493 2763 5632 9189 11616 6967 11943 7159 801 13586 779 513 208 7260 4991 8572 6743 2846 6853 11001 12379 5329 5254 9341 8800 2171 4611 1621 3791 10684 8245 11361 4729 9285 13762 7347 6597 886 13831 6167 11783 12502
170 7988 12205 480 14848 12340 14134 1611 8483 3341 4798 11473 4691 6576 14492 5446 4026 6032 11343 12681 1135 13642 2354 5155 13024 3788 12131 11736 10592 12083 10290 4994 3305 7916 14827 410 13323 7988 5730 11171 1300 7569 2101 9227 10920 6862 14922 10211 1083 1968 10892 4903 13138 3498 12564 7854 4581 741 12973 8375 9265 14338 3906 5168 12420 3787 6172 9795 9248 14026 7041 7402 6344 2343 13013 4529 5512 14814 14666 9269 1467 11015 6099 8823 11517 3702 13502 2729 4493 9911 7502 9993 5690 11576 4522 877 7919 14131 10994 14297 9970 9279 6025 8226 8959 11019 4667 120 1310 2726 3975 63 6499 13070 1939 593 5182 10172 11881 6453 9925 13914 2435 11349 7835 12710 10612 10345 2363 11936 2322 8479 8980 4976 6867 6661 11111 1907 3300 6070 7139 9634 2666 4037 4053 11093 7593 1656 7143 9280 2810 10639 514 9773 4154 3259 5434 11453 11118 6215 11518 14733 10790 2395 10193 9683 12448 1295 9423 14065 10385 8944
170 6671 10045 1350 8320 10209 258 4221 4510 7906 5027 11781 5888 861 10239 13415 7700 14650 10990 12347 1033 11056 11392 5985 8289 13194 9699 10203 12293 14944 8046 2190 5987 11988 6671 12368 6289 927 10027 11049 131 10063 3535 51 1662 5801 12980 12516 5465 10147 10290 11054 14002 8161 3301 7834 3898 10455 11298 12286 7022 8566 447 6681 11568 12200 1100 5838 9316 8109 8287 5768 8232 10555 3339 12169 5385 2860 4658 1425 1791 14497 7314 11281 12816 2863 7281 4378 3376 9055 10322 14654 12077 7380 4297 9512 681 5017 7020 4998 2408 651 4188 6452 2247 14134 10866 3549 1491 1087 9169 6449 807 6869 6266 3574 14790 12740 4282 8558 560 8886 13613 12653 2016 2465 1385 12251 6442 9464 11005 14011 762 8828 4906 1641 9652 13455 9716 2202 12915 692 11557 2057 5720 8707 803 13172 6966 11694 4158 14021 11615 873 8853 8970 2313 14042 7751 10425 12004 6537 1796 2539 8333 14205 10217 3660 3553 976 4225 5469
170 6176 14597 11370 7361 1530 9453 14536 6050 14754 5039 9636 979 4425 4256 3148 14468 12028 7923 4270 10231 8758 11828 7623 14629 6430 12494 9959 12428 2803 10087 7162 10750 1229 3110 1102 12656 12982 9900 8185 6313 12125 3617 11525 5928 13562 8431 9876 3191 7571 10197 8847 10616 2674 9203 13526 4951 9035 14977 5137 14000 5044 4201 11373 1307 11964 8474 4693 10601 12578 11346 7136 14163 10239 9357 11272 12287 4782 3317 10964 10547 5626 3164 6176 8779 14447 5027 13008 8287 10718 13441 2529 13639 3896 10690 13443 8573 8226 1061 14657 11769 507 1100 3329 8372 1624 1450 1166 14148 2275 11596 9136 13278 2887 9980 9365 13991 2304 14057 7444 1108 6756 412 12683 8772 11111 12791 10011 1207 3218 8507 6787 6859 4764 11233 12037 10107 13558 10728 6245 13882 5499 14901 10424 10736 9250 13285 6346 7432 4008 7797 4182 11620 12967 13485 12685 541 4459 4592 9382 3282 13487 6520 11406 9248 5678 9383 6112 12119 1761 14430 3319
174 4092 3189 7020 1840 7093 6389 2711 5348 5530 11727 4876 7432 9008 3025 9387 13234 1361 13612 9220 5545 496 9938 11920 8134 3579 8223 14524 11247 9732 7001 10582 3880 1224 2576 14912 6662 4647 8702 13212 10565 7565 1368 14585 2095 13137 634 5673 3556 6968 2990 7960 7523 10198 5762 8593 2413 11302 11668 6539 4430 11588 10780 11664 9823 1369 5177 7123 1321 195 3015 5378 8533 14201 903 9154 11441 1043 4092 3654 5282 14046 2473 1042 9266 2795 7629 1040 1805 1606 2278 1615 11385 13390 7081 12105 6002 14640 5534 9244 3725 10647 11188 829 2563 4636 2495 11869 12074 4107 7193 12767 536 584 1843 11578 8061 11908 13591 319 9400 11819 6138 13788 762 5004 5087 5129 14313 976 7071 7439 10223 9036 14380 862 1963 2021 6062 11108 5691 14666 1510 5572 5105 10359 4379 1604 14958 13518 14247 4863 5389 8156 1483 9820 7759 6535 6434 8005 5640 164 10300 14649 9183 11542 3560 3845 7753 13769 12150 1239 5651 2600 10003 239
174 10633 903 7887 3836 890 6477 14598 11085 9584 6063 7702 2552 1786 3429 14341 11275 11441 13288 4242 5676 9702 5173 2063 14050 4225 5802 4980 1510 124 11404 12678 618 8612 1822 7341 9044 3604 14332 826 92 7013 2851 1068 4180 8861 865 1220 1372 12186 8613 10277 10633 9589 1033 8424 9314 3254 12335 6803 2508 3053 3298 4591 12355 7196 2630 7759 7166 7740 3122 1043 2181 4935 8183 11895 6791 8195 10490 13238 12211 14430 10042 1799 3941 8770 9852 6691 14493 7627 14315 1801 12240 5032 3863 14216 6756 2392 9436 13510 7537 5636 9388 2434 14271 6777 9402 10451 4711 12260 1161 5411 10183 3538 13571 14887 3347 1343 9952 11677 1747 11438 3625 14585 2130 12758 5472 330 11755 10551 8197 8626 8326 4848 1311 2222 1176 10547 13545 1703 5911 9831 10507 12895 155 4976 7686 5725 6570 2343 6049 9253 9735 5384 9345 11285 6333 1273 4999 9202 6835 3983 13877 3777 4524 1319 14358 3823 2747 3682 2338 8030 12246 1779 14285 10214
176 8914 12856 3023 12307 7376 12566 12048 6872 6899 14638 4905 13243 1934 11689 3855 7398 10687 6391 4224 7694 1605 10916 13376 7470 11449 2416 7959 5441 6935 8226 13420 7589 9191 542 8971 893 5626 8619 1762 4222 7849 5030 4627 3409 1055 19 4152 6142 4131 6706 1706 3649 7289 12683 8914 12570 5356 10938 2774 9761 2097 11926 4624 6007 13036 13635 12325 13743 14298 11907 11896 9698 8450 11606 10680 5864 7148 2588 9928 285 10112 5532 13040 8078 7431 3408 14923 3490 4316 9206 6279 9229 1671 9861 5814 10649 2663 6700 11641 7004 461 2632 11045 1270 1768 4541 12423 1070 5153 1582 2477 13619 823 51 4372 9715 2499 937 3662 2011 13103 8533 5160 10620 14934 7561 903 9917 8157 4004 2509 4395 4454 12780 2400 5671 9155 7610 9130 9898 11946 7687 8168 9212 8697 1000 4473 5651 12036 7412 2865 11334 13118 1461 8519 8292 10552 13194 9775 9288 2017 10543 9166 6567 1347 1203 13169 8590 14040 2403 13730 12495 11457 2780 13443 6808 3694
176 7163 7504 13034 10058 7409 4492 13052 6953 1946 7942 13125 4766 2514 14294 4725 7255 10993 14824 14288 13957 5379 9110 8359 1829 1311 6405 6946 3685 11419 12544 7841 13824 6080 9412 14003 13348 2118 341 11206 2369 5873 5932 3070 5255 513 4741 10491 7989 2969 63 1700 14540 6662 3804 9633 6770 8434 254 6820 14394 8069 6766 9979 6912 14985 9598 10293 7776 12826 12059 3313 12984 12697 2310 14364 7427 5453 13190 14057 2601 4608 2204 7342 8235 0 9473 4827 217 8844 14779 4469 10596 3118 3033 9692 5596 9868 10080 5221 13188 14942 10215 1420 3258 13796 2230 12191 14711 9999 13310 2543 8895 8666 13849 10625 5200 3545 9555 7894 10594 6046 2306 2050 11594 2198 11334 40 11811 14697 3062 6902 10054 11572 10070 13676 7236 6469 5493 9929 12986 13915 4699 294 2903 12968 5684 10074 3221 13663 2581 5739 7163 5594 1868 1402 2391 14186 6799 1502 8977 13056 10549 6301 1357 14255 5583 10911 11459 18 3387 3680 3151 8727 3916 10099 2832 10560
178 13762 5408 5055 749 9796 10489 13825 13722 8869 8664 2211 13762 7086 5266 412 7094 2419 3916 6788 14363 12220 1919 7385 13333 5157 12149 3469 7963 272 271 3837 14426 13621 820 2582 3994 4641 1901 3764 4054 2801 14575 6763 11127 5779 9327 2903 1737 14668 11411 8105 14891 14502 9869 10112 7609 7801 7874 13337 3138 3752 10236 14032 13370 11272 14941 3166 670 7472 6787 8849 223 4399 11733 10827 11913 7492 9185 5117 4493 12844 808 12897 3123 9491 2703 7158 8938 1142 9627 2530 1161 2024 3871 10365 12072 6961 71 3207 7840 1438 8411 4595 3702 2846 11546 14548 2637 3454 1637 2028 10717 12371 12753 5431 3575 6266 4507 10288 9026 9600 14445 4579 3989 5978 7538 404 10649 14478 12623 10861 455 10929 5108 4705 14556 12972 8747 12770 6451 6614 12851 2070 5518 6148 574 14026 10911 7464 2397 13837 7333 11095 1547 6472 12906 4744 7486 8712 1462 8290 3094 369 10677 11802 10118 10139 3190 13228 186 2611 9855 13282 1542 14640 9978 12592 1924 11605
180 13622 9712 1537 7830 13364 11875 5238 10945 5865 7786 14537 8519 8376 2074 13044 1293 11710 4251 868 2117 12194 11586 331 339 12506 6067 12232 4802 3642 11378 12616 3939 12161 5823 4603 7983 2485 14490 4241 805 14249 10489 827 2221 13124 11992 4029 898 6151 13187 13084 4202 13622 825 14475 5538 6272 2845 209 8457 2165 14231 13324 6764 7567 2967 8764 699 2871 8950 7520 10596 13786 7883 2598 13596 2817 14720 3876 4435 349 9613 12248 12927 2551 4817 1630 11989 9947 237 5192 254 6940 1730 4574 4138 14374 11502 8210 11534 1367 467 14886 8991 4347 12800 12972 772 2219 58 6831 10739 8035 10757 6852 630 8272 8582 5068 2455 6057 3715 4854 1572 12062 6739 12599 8141 8970 9369 7974 3571 8972 2282 11642 3151 7438 7342 341 11451 10057 6910 6886 8170 7425 12797 5299 11843 12461 10374 2731 874 11610 1049 9709 2040 6703 14835 668 2567 2025 8417 13063 1695 5588 13694 3456 4390 4586 5409 9725 10696 12771 3569 11519 13108 7246 9209 1220 10717 10449
184 8918 12041 9974 10322 5308 5177 1058 14779 13512 10831 8885 11121 8431 3033 13459 6217 14374 5588 14569 8789 1041 581 10467 2640 12291 14504 4202 9451 14222 8564 8594 8203 13013 3216 9845 11339 13673 2254 7745 8878 5086 1679 4375 4093 3966 2696 3245 881 6162 4544 14263 14750 4253 10510 14066 1477 7705 2603 14267 13456 9315 5998 12038 7713 8847 2554 13159 5438 1204 3372 9474 6184 7576 5925 14668 4473 6353 10164 6157 6731 14775 10195 3619 14007 4903 13672 10597 6694 13254 1159 1009 3091 14280 8918 11407 7958 1020 9565 7002 2715 12966 7040 13919 11638 14923 3795 10084 9264 3903 3655 3999 9306 3154 3678 11032 12814 13022 10865 5645 5865 5415 10920 11200 9460 4234 10072 5938 7514 13346 4325 9109 5492 11014 8704 4615 7305 43 6759 635 1186 102 6146 6514 4386 13090 1072 11089 1639 10123 12159 4167 7398 13271 12677 795 8283 12580 12022 8319 1518 8892 973 6955 93 14873 3946 1831 624 498 7167 13093 6610 12298 891 7357 8800 8432 12207 8605 2269 2216 8474 5888 5886 6042
188 1789 14409 11445 8854 12966 13339 11228 8406 9090 9206 853 2100 14507 65 6800 2568 14408 8154 13177 1152 12636 3022 11319 6627 5575 8296 4321 2521 5103 12798 3518 2709 10980 2409 8677 9140 7728 8312 6668 6981 7614 6132 9967 8757 4356 4292 11049 14083 13157 13514 8741 6784 12683 851 10971 13835 11881 1572 11174 10382 5704 1364 9401 10618 4169 3723 10985 3118 3577 6725 10033 3288 9209 6052 4958 10774 14897 12833 9696 9187 7318 7026 4233 1789 4797 4587 12988 1377 11476 2716 12724 13136 155 3924 12022 3244 13012 13550 11748 10978 14236 4566 7387 6456 12850 10450 2256 13794 11667 1407 13389 10390 3503 8105 14788 448 748 10276 12933 11999 5774 10420 4156 5374 4750 9940 2026 9268 4028 5818 5836 2269 180 6343 14280 111 9468 4493 834 4187 5982 11669 5256 2616 5451 13206 14172 3873 9522 13665 13861 10304 7777 11685 6368 9914 5371 1545 2659 8384 9505 11688 11623 2146 12209 9512 2845 12320 8189 8525 12090 5710 2224 9203 13007 14859 3566 7006 6988 2471 4833 13996 8933 11087 4372 8870 6882 8499 3247
194 11582 3853 13612 12951 3686 1358 7941 14531 9697 8195 11203 9414 11305 14882 14942 8316 7570 72 5548 5964 5030 6692 711 10095 7926 5217 7243 12764 5060 9626 4079 3897 11338 4113 1235 1842 8665 11472 8370 875 8986 13220 11079 5950 10762 2047 13375 11598 6555 6319 8775 210 5085 1164 11582 10165 11192 1823 5882 14637 13617 14597 9684 6270 7720 14412 4891 8174 6108 8870 3812 9080 14728 7354 13786 6053 10508 12484 5164 11576 13818 9550 5037 6926 2083 8874 7659 60 11157 2234 6050 4816 6236 14580 13069 7046 8160 5111 2904 12133 3990 5912 11991 7895 13945 12524 1452 6074 9370 11149 12215 3755 11649 8210 8558 8461 3256 11463 6739 3513 455 10424 13601 6250 4269 3468 2652 68 7250 7382 5613 1887 5884 1616 11952 7407 640 9312 8619 5332 10916 10322 756 12584 13218 6920 3623 11898 14538 2973 14915 409 7774 11148 6930 1347 7775 1898 453 13621 2996 14368 1218 3374 10756 11549 14308 9912 12131 3592 9520 11614 2780 1212 1717 11135 1114 12387 8593 7664 12993 294 3182 4935 11931 1099 6252 3058 2498 2590 11959 14837 2691 953 9194
194 7542 7600 1672 11634 72 9181 11324 2035 4851 275 13 6670 13595 13337 5444 10068 9111 3928 2971 5604 8850 12933 12999 11204 8940 1690 1593 6705 12883 2157 11789 12423 10637 11471 2635 2890 1584 8029 9532 8948 13284 10513 930 13390 4539 9562 7986 13850 12446 7832 6757 116 13849 6758 9584 1313 9607 1083 49 8693 8023 10492 57 2249 5797 14331 14429 3642 10349 3418 4351 6587 4395 9913 7060 12353 8650 1459 8234 4340 12608 9306 11807 7427 8323 9908 5948 6084 3999 5249 4687 5188 8454 14204 13087 10479 4654 12783 5350 5109 1931 12015 4807 8003 7679 10286 7247 3652 2786 2043 5510 6937 9355 12159 13251 11080 773 14282 14455 8863 2814 6266 9930 6029 7542 8220 10114 13952 3549 4753 11108 3297 2760 14294 11528 2991 4257 14726 2719 14803 8898 579 14482 775 1641 7675 7187 5760 11688 11935 7009 9464 12747 1965 6155 9621 4256 14902 5436 14154 5151 5582 6200 14347 7644 10160 11053 422 7551 359 1091 1841 6606 11319 5229 2788 6545 259 11483 714 10372 1147 4318 14250 2600 12835 1137 13249 8430 3355 9981 8332 9552 1106 14235
196 2799 10845 3231 7859 4325 3425 3003 1655 12387 14156 7931 4715 4967 5294 1794 751 1167 6902 13951 451 5807 9337 10225 12718 3234 5167 13737 10185 7041 9059 2637 8616 5545 8211 10091 5817 9044 6383 8710 10895 9858 13911 1214 14429 14954 3152 1567 5833 1785 9108 2090 9535 699 335 6791 2204 11317 10610 7728 2677 8422 2622 11634 4467 10936 5815 12887 11236 14382 11694 14029 10692 4610 9159 3327 6442 5931 14057 4624 5752 7868 13129 9428 13725 10437 8776 372 2308 7725 7687 3074 6431 13710 13567 11527 602 6371 3290 8404 3689 6261 8677 12768 9540 13322 1720 13538 6954 14536 1221 1951 5106 8454 9009 12035 5033 13084 10617 8052 12888 12487 6698 9200 13635 10480 9307 2806 1543 13147 12304 8969 3864 12020 6661 2044 14151 14377 3841 9484 9315 528 7951 14373 13185 10487 6339 11540 425 2154 3774 3253 2496 2483 5705 13329 8131 6541 1846 12659 8086 11291 8499 1736 14396 2469 9211 3281 13495 1688 10931 12007 11803 3848 3607 7023 11015 1517 13852 2799 2349 13101 11814 1724 5252 14041 11237 11265 14516 3383 2538 9070 1200 14093 6545 5521 9362 2754
200 777 10574 5429 1210 3581 777 4713 13435 110 7279 6215 12154 3236 5793 11371 5240 11788 697 2895 10563 9445 3171 11912 3835 5816 6968 663 990 13252 10427 11551 4103 12275 13969 12683 1697 13851 4299 6828 11443 4966 5367 1654 12947 8795 1128 13943 10803 1750 7610 14239 8028 4483 11857 3676 14485 9062 8327 4861 10430 6879 916 6737 6172 3327 5062 2185 959 12302 11469 9716 526 11891 8968 10553 10114 14187 14253 7110 1255 14858 1121 14759 8117 14532 8566 8503 4637 1724 7305 7891 14516 4506 1712 14458 12018 1857 7357 1430 5005 446 1768 11552 3580 3414 13408 2277 9580 10073 14076 4774 13205 3033 10133 1318 6814 3258 10127 10298 8896 1173 2159 7968 8092 9274 11279 12157 6593 14857 13097 14491 10985 8950 14241 6423 5225 3468 2823 12323 11687 687 13453 8599 2095 126 10233 12873 13698 3494 2797 13983 7598 5646 10800 6502 5430 13865 3291 2720 5038 7669 4817 9778 2896 3196 6047 9446 9075 6278 2211 2121 6063 12926 157 13859 1977 1820 8176 2855 4339 5041 11482 7232 1132 9647 13024 9725 12389 8745 9944 1776 229 5762 364 2432 4012 10697 7682 746 1349 4577
200 794 3819 6214 5389 3803 8763 14791 3602 2393 9998 618 12122 9739 6766 10147 10978 5802 2263 4088 10316 11761 7895 10852 5022 1653 2251 4378 6019 8906 5951 12607 14853 1349 9997 11121 13879 4998 12516 4719 485 12339 1744 13815 8901 3755 8776 862 14120 13210 8289 7022 12260 554 2002 13365 10150 8245 14194 3479 7226 7991 12984 794 4264 9274 10721 10102 14266 5747 1079 742 7027 12522 242 1810 13632 7775 839 14058 5964 11510 10408 982 11345 12662 10958 4523 11082 13687 7162 11457 3671 14066 10393 13530 11268 964 5193 7718 12456 9063 2389 1289 7341 6 3646 13277 8655 1170 10433 12433 7658 14139 14709 9395 4723 9203 10986 6117 1419 1635 12284 3324 12175 11834 1037 12554 7028 4769 783 5916 8531 865 9942 4381 13749 4710 11213 14668 1268 1168 6138 13492 9922 6367 2643 281 6559 11215 9848 12155 6720 4533 1404 4697 5108 9233 14894 2756 9478 6641 1125 10737 2307 6595 7471 12439 10553 12236 10237 4280 11939 2470 12450 11532 12227 6221 8803 10067 8692 245 9663 12048 11870 4595 6101 7970 13067 9973 8314 8994 419 4090 7079 3572 13556 13410 14012 842 14201 4279
206 13555 12937 8049 3336 268 7028 12135 4639 13286 7001 12310 14596 10436 3408 11965 8232 9018 2341 1237 5838 11445 4854 13555 6098 2639 10785 3673 8895 12117 802 7008 66 7103 7841 10611 25 8215 2339 7388 12440 2378 4129 1636 12298 12196 8800 14514 1669 3031 3653 4838 9386 519 4483 542 9916 4462 7786 10676 569 11680 309 5802 14781 7107 10989 11308 9170 1425 14981 11992 5610 4720 4164 4059 9177 3365 10483 7541 12379 2747 6522 8832 11926 11764 1419 12794 14089 9233 3621 12944 947 9431 5712 3974 8111 2941 8956 3911 9263 11040 14085 5725 4144 11631 988 2123 2003 12714 8830 2713 1067 12949 3716 10192 13867 8261 948 3782 6424 9065 765 8029 8707 231 5715 9552 1104 4834 11618 6003 3596 10764 6165 13112 6735 5753 15 9269 3530 3278 12312 9751 3565 8322 3316 1534 9332 3257 1523 10034 9977 7655 10344 5857 11456 169 5750 455 2796 6009 6086 5876 4752 8767 12983 6737 9525 3529 8775 12647 6955 2320 10370 11161 1094 9438 11801 1507 6527 1159 2122 10592 2366 11240 3236 5298 2440 5444 14695 505 10282 2468 10256 10020 14650 11017 813 12729 13691 9022 13186 10229 14270 4857 13870 1800
206 10496 5505 7292 10083 6746 1141 8501 11332 9487 8814 6323 6390 276 1522 9718 1628 11441 4155 2284 7355 4651 10144 10597 12884 3911 154 13214 2252 9442 11599 9795 9469 4816 13533 7004 8477 5609 4468 7791 13501 6173 13902 4458 10872 12521 8922 12145 2458 731 14316 9673 1618 10058 8651 13155 13582 7510 12975 5354 2762 1746 12269 2758 9975 9903 8420 5073 5146 483 6325 3024 13905 4272 8912 8824 13664 11895 1627 13999 4014 10561 14168 7249 7265 6119 7673 12858 102 13436 2572 12322 4737 2267 5806 5178 1513 3133 12844 14810 14927 12115 14490 14749 6111 1630 4276 5253 8474 12037 11583 11838 1800 6531 9092 14513 362 9193 10496 2020 11256 13490 2006 5668 3731 13336 2144 5772 14710 12493 4417 8783 4637 7774 4974 5235 3778 2376 7293 1423 6816 4433 4434 10172 9787 14589 3779 8147 331 1078 3823 6501 2013 8432 13927 3836 13355 14963 2641 647 11315 9455 13171 8806 5764 7458 11438 6227 8027 11539 5794 10708 5003 14840 2332 12211 6667 8606 6029 14901 232 4201 223 5126 2866 13422 11752 14724 8701 3273 3939 7312 7988 9313 13169 2635 10475 4846 10678 14106 7903 7275 300 5017 1343 11150 3781 1181
208 974 6121 11627 8376 2635 5390 2684 2211 7266 11836 9599 3314 7410 14134 14970 11510 7616 13804 13273 2905 9868 6363 13950 2256 5316 25 712 14297 11529 5552 7437 10340 2455 7226 8360 6425 4727 2795 11914 7149 4003 13490 11229 11339 4600 14133 3875 974 8654 4967 11648 7944 13136 14087 13913 3851 10300 10269 3842 6092 12412 2734 3431 11979 3058 12471 5948 6632 12034 6815 4542 4768 4150 120 11805 763 1102 13330 12333 1246 6205 6541 11929 1002 12016 5107 7751 4035 5960 11855 4817 4937 14646 722 9251 8981 3786 14933 10217 10046 6883 11124 13332 13527 5938 11699 14839 8055 11355 4171 12907 12441 13009 9714 4045 7219 1114 4212 6866 10907 12430 6874 2998 537 11228 13829 9725 3882 1399 12505 8408 12244 13549 6156 5104 2526 11426 12327 3609 1258 8938 9319 8144 831 4792 5320 10903 1054 802 1225 11185 9668 13664 1509 1338 6626 3370 643 10885 3616 12792 8849 5863 13050 8494 7633 13441 5093 5918 766 11771 7861 7762 12043 5831 12651 8848 6131 11649 89 1601 1572 1077 12216 6566 10401 8710 14606 11726 4286 2766 14828 13633 13194 2388 10938 4249 6076 6002 2357 9184 1186 14067 2387 609 9074 10134 4886 2877
208 5706 6838 14892 7748 3034 11843 5305 3774 3275 14613 12362 6797 5402 13840 5108 14980 9590 9796 11275 676 14181 517 6990 10541 456 9009 5468 7455 12203 4683 4678 13183 3073 1541 1664 5706 4312 5970 2989 4472 11590 9859 1584 2967 4981 6031 2823 13419 12270 5593 1020 2016 7799 13991 1564 7072 4506 5149 3801 410 14289 13597 14549 2013 7761 12669 2586 10677 312 5391 7892 2386 11058 13733 3098 159 6471 5975 6162 1931 9559 5186 13984 5806 5042 7762 14066 6975 8622 12035 1182 3003 2208 9776 9473 10339 5956 7325 11644 11462 9582 4045 1049 8824 11718 4645 10578 5906 5884 14927 1598 11662 6651 2071 7662 8586 13293 10728 4761 13232 2280 4948 12928 10558 4726 2455 9341 6270 1803 14031 6168 4396 10467 10039 4594 1487 3620 1691 13177 6314 2838 12387 9844 14317 13330 2693 12540 12467 10067 2636 3371 11796 2077 7048 4574 3478 9636 319 13999 3428 4185 11375 4832 7126 3077 2319 4203 402 2877 1434 7245 729 10637 11852 8758 10659 5691 2942 14896 12865 13610 6660 14746 1720 11416 12918 8735 14996 1751 8770 2824 2247 7321 7880 9052 2138 2921 2026 12048 10569 8689 8779 12131 7729 6090 6996 11520 14850 12234
