18 721 333 135 352 186 258 923 237 982 858 333 583 54 843 401 533 455 405
26 643 967 808 328 683 108 856 17 233 62 84 643 885 944 21 403 919 246 413 378 351 116 371 347 314 506
28 449 490 418 383 780 534 138 547 378 423 358 837 404 208 600 971 822 739 708 382 391 668 564 523 154 404 715 631
13 682 586 402 38 695 806 859 896 658 732 172 169 38
12 853 957 3 725 459 642 336 672 502 769 970 853
36 645 458 906 500 226 310 843 571 282 32 709 133 846 815 542 930 215 468 723 788 377 86 236 841 788 342 215 714 713 630 501 598 862 432 586 112
12 704 720 720 94 755 856 620 195 929 701 917 123
18 425 517 416 483 55 834 428 734 45 43 527 831 805 866 913 483 631 364
11 813 303 569 367 855 847 978 726 339 568 855
46 581 546 153 325 776 480 598 44 578 581 575 743 983 573 101 715 309 308 985 595 389 655 853 234 879 829 812 597 904 988 786 481 578 968 931 133 104 403 277 877 631 676 538 530 503 204
53 931 273 308 467 783 440 515 55 959 259 538 179 804 358 429 475 883 94 240 682 259 430 146 734 530 226 697 566 15 740 264 894 361 253 333 72 179 980 146 115 252 954 287 376 34 981 799 347 405 909 977 50 994
48 419 708 523 381 629 975 420 955 969 369 301 591 519 43 735 153 613 638 524 667 421 949 751 910 463 610 138 715 84 306 181 170 153 915 276 645 394 16 421 923 350 601 605 488 881 514 470 43
28 609 562 547 486 9 440 950 369 559 900 758 157 922 595 25 816 305 966 938 100 287 694 949 5 380 949 145 480
49 661 44 51 934 125 366 578 318 608 612 217 521 474 355 747 800 284 282 157 763 441 297 592 969 787 656 508 989 331 742 191 586 971 897 405 924 511 787 982 604 601 599 135 464 848 352 572 869 285
23 505 336 572 799 394 578 714 920 683 550 939 677 247 572 610 539 834 727 412 898 20 846 930
12 427 490 539 859 16 544 427 248 389 375 476 464
66 895 613 900 528 480 627 509 157 335 505 1000 52 502 499 894 206 152 960 924 501 634 54 923 190 414 25 662 619 267 253 586 955 226 802 592 220 293 612 831 805 998 61 705 584 538 588 753 896 140 114 466 12 192 53 662 503 892 338 54 152 463 499 964 568 629 86
32 467 263 748 547 318 673 613 118 844 323 595 830 777 837 946 572 978 448 409 898 170 52 692 595 958 238 230 325 440 523 974 198
23 398 64 840 9 848 30 505 10 557 721 360 205 737 333 259 360 377 747 953 718 852 167 398
96 6 555 317 75 212 909 999 477 110 770 238 803 675 652 680 566 942 68 898 155 469 679 267 158 402 418 555 493 397 440 144 634 320 231 836 254 728 287 863 956 923 102 880 941 557 63 40 295 612 971 12 357 109 96 107 327 217 3 594 705 192 281 670 468 55 591 450 595 639 434 414 91 825 60 360 270 683 20 967 975 988 409 494 258 929 358 909 396 639 752 540 907 405 884 356 521
59 853 479 181 317 906 185 798 348 314 277 915 160 59 877 344 952 77 609 42 797 419 253 369 881 403 997 125 136 601 91 272 179 426 52 42 205 690 943 899 311 91 508 708 483 388 23 106 925 781 263 193 923 793 818 961 246 900 756 75
83 549 83 46 635 551 450 972 663 378 703 492 369 406 599 730 147 571 885 238 642 855 982 467 724 412 982 690 166 248 438 902 945 529 326 836 436 930 269 46 122 965 411 923 203 709 825 43 783 741 621 411 131 822 759 884 939 178 623 110 450 39 266 240 115 394 967 133 179 745 959 154 35 554 752 86 801 293 930 344 665 219 559 406
61 431 193 224 326 487 853 599 456 38 254 496 462 69 127 503 825 495 279 285 728 391 961 353 950 491 441 250 213 378 87 67 721 13 863 63 41 755 93 262 829 770 439 408 824 98 48 647 829 973 383 605 266 395 487 767 204 847 184 826 391 688
52 802 80 926 282 726 34 230 26 621 347 283 538 2 575 290 633 283 45 214 654 330 427 112 206 150 556 903 717 136 259 415 786 837 878 438 92 186 893 915 444 639 632 200 399 382 407 74 513 467 179 624 768
97 513 283 790 878 568 242 150 978 225 579 208 548 764 379 26 52 812 689 618 838 879 339 830 4 220 356 786 537 648 255 305 313 233 625 649 298 309 239 142 126 776 705 323 516 883 591 970 948 389 122 684 388 436 67 830 245 881 806 694 352 109 610 925 170 239 872 158 278 66 323 162 260 830 927 21 453 477 403 228 906 236 273 186 633 15 541 627 882 634 712 871 613 875 515 966 672 891
31 692 205 251 877 757 659 243 946 665 44 262 814 970 895 363 423 709 511 340 262 483 441 328 398 324 587 8 396 594 192 217
13 546 946 367 775 75 737 630 460 448 96 448 296 153
46 826 767 488 475 155 87 464 637 596 846 885 850 38 425 767 355 294 654 472 333 551 681 112 808 455 756 54 664 810 775 205 538 131 2 991 23 519 652 438 373 639 455 236 748 344 144
17 918 476 890 947 135 634 636 278 167 498 33 643 894 445 366 190 476
38 868 872 698 188 654 793 11 929 471 248 872 603 615 160 358 66 398 724 161 42 695 462 45 994 774 774 610 452 850 39 60 58 161 610 927 159 816 67
132 935 865 179 478 254 977 17 511 532 831 203 606 559 340 705 870 497 799 998 726 957 635 852 559 823 739 154 175 669 779 818 825 474 33 430 670 481 218 764 957 250 500 544 554 724 848 840 135 611 427 136 473 445 452 290 141 999 180 531 960 955 1 483 15 977 152 76 562 473 383 340 529 821 859 579 437 6 536 261 884 375 561 889 49 508 661 340 343 96 277 913 47 182 372 641 403 374 680 591 246 303 976 281 55 170 747 828 850 473 545 522 720 763 872 664 611 753 716 71 463 930 757 55 782 107 266 218 687 932 902 265 84
105 323 932 426 650 362 316 780 273 330 316 484 288 130 691 511 308 9 726 960 940 479 635 305 75 863 619 503 581 342 747 885 770 829 234 929 719 993 578 7 149 164 988 814 83 454 112 460 544 864 601 781 982 630 501 753 763 642 493 917 326 1 169 36 887 542 209 493 784 479 995 979 286 959 976 754 848 941 919 417 456 455 358 956 850 343 465 477 962 752 242 864 307 628 465 877 89 577 433 506 403 564 405 446 360 1
138 778 703 240 954 481 296 901 790 304 720 53 657 275 845 366 299 321 887 698 54 501 382 110 639 661 643 192 843 238 313 781 260 416 707 533 191 182 839 550 803 101 325 271 556 53 170 592 485 861 350 496 100 6 72 933 52 205 732 390 661 485 887 829 389 548 963 703 770 735 661 817 324 979 474 192 565 249 411 414 2 340 107 174 560 127 580 299 48 260 665 652 321 142 530 563 807 667 941 737 415 145 368 87 400 407 142 163 446 883 925 870 960 148 356 949 194 556 885 218 120 507 304 463 829 879 961 45 259 412 25 231 153 722 960 521 236 16 609
26 905 896 90 444 995 800 576 536 729 227 156 42 478 402 683 85 444 328 687 645 200 683 437 75 402 867
131 24 30 159 980 127 321 751 101 772 987 994 925 578 943 765 268 965 321 727 20 695 714 356 966 266 550 194 724 469 338 288 148 665 513 188 672 826 301 333 436 91 188 709 140 645 651 573 963 703 973 767 634 274 41 132 366 632 655 170 457 822 518 660 739 866 369 837 902 316 383 591 370 370 784 336 853 656 119 780 717 44 83 793 432 653 388 293 805 613 724 935 238 185 707 206 77 615 879 779 500 440 469 892 31 465 188 211 945 510 95 734 317 861 615 8 893 203 662 58 964 642 299 688 984 938 86 493 700 76 496 423
74 829 29 30 373 787 20 59 582 714 240 683 543 923 721 806 425 758 402 18 513 30 417 553 551 587 68 70 481 952 916 990 477 806 731 585 497 264 593 719 346 891 87 764 187 730 602 10 731 45 132 371 752 958 469 982 996 198 9 332 960 589 493 229 393 793 276 237 785 919 85 478 155 334 248
124 405 619 271 742 961 104 364 911 625 216 817 322 902 100 431 865 531 496 605 133 266 289 183 214 160 679 461 396 641 931 92 688 359 99 500 452 573 517 693 375 73 298 802 53 673 417 701 432 950 387 486 801 700 451 956 72 498 706 814 839 228 956 866 913 77 789 745 674 614 930 576 927 74 127 711 815 952 452 746 779 658 426 968 353 953 870 568 701 272 308 943 745 462 593 558 75 715 619 372 571 976 13 1000 832 663 179 749 492 276 20 754 988 79 50 464 172 448 863 948 779 238 394 704 92
106 400 639 437 217 593 264 16 43 165 669 970 449 840 678 77 527 363 744 584 330 795 506 730 268 934 723 213 762 723 736 745 466 244 514 451 382 638 455 600 630 754 681 640 826 589 275 666 474 55 674 755 426 864 681 544 856 130 470 874 817 866 571 361 759 833 971 853 999 816 722 858 506 296 674 142 67 527 338 235 109 35 786 2 445 145 154 67 930 614 784 348 394 727 574 978 115 409 208 502 178 913 686 147 54 902 392
71 969 486 743 874 265 519 473 153 958 19 753 480 880 317 602 834 270 784 29 657 642 320 509 174 387 37 428 907 754 251 107 13 435 686 65 844 444 756 377 915 932 214 136 749 809 72 414 60 778 581 139 492 663 435 128 464 48 702 978 989 904 705 540 708 832 977 629 867 631 56 931
57 706 907 994 325 265 526 928 934 776 92 21 302 3 826 209 99 730 739 335 395 583 427 835 914 435 89 56 515 495 487 499 655 41 59 525 89 422 679 152 690 679 969 651 305 346 565 730 322 80 643 440 351 417 784 751 497 822
151 701 560 166 945 347 192 396 320 541 243 933 737 3 136 986 181 107 846 465 377 450 552 491 545 448 286 173 127 406 333 403 46 762 884 198 410 560 848 738 782 29 963 21 119 292 454 254 476 499 830 476 936 127 288 579 743 52 421 709 76 451 213 716 979 405 469 553 221 62 579 738 205 448 378 748 187 111 659 783 912 769 530 995 357 392 665 844 87 381 695 737 708 79 880 712 388 605 395 862 317 91 880 713 563 534 503 549 927 939 208 106 488 551 225 138 983 457 990 8 7 136 946 146 528 525 329 82 978 350 157 778 433 55 626 844 624 112 560 946 133 379 617 498 41 140 819 693 436 690 345 16
175 656 478 989 893 866 819 956 478 772 261 744 258 305 770 845 268 604 239 818 968 257 78 443 520 287 750 765 259 735 918 929 526 451 858 739 677 250 319 71 223 93 136 770 671 652 521 225 778 213 945 242 897 149 91 992 569 162 433 19 974 642 579 833 1 945 395 444 722 844 542 440 982 868 919 964 853 846 823 299 459 167 240 78 35 384 970 641 439 971 374 344 460 695 282 318 239 225 442 159 7 646 945 701 652 965 896 136 672 833 765 841 927 223 502 43 477 182 191 631 775 760 600 372 259 63 989 148 911 896 607 738 150 134 615 590 574 49 148 176 728 554 502 483 596 333 452 628 28 995 183 348 70 963 402 707 667 65 579 749 721 193 347 876 478 606 644 392 374 13 517 411 47 336 527 886
118 632 673 888 902 122 330 533 397 768 816 970 303 529 446 994 968 585 452 116 163 113 570 429 554 662 271 809 440 17 954 412 581 68 939 966 721 668 839 154 696 671 622 741 61 729 306 502 186 3 623 602 425 622 879 19 960 539 390 760 362 23 826 136 743 893 44 805 839 664 824 425 726 434 613 357 650 692 792 122 513 470 717 955 829 448 937 685 403 171 674 876 758 289 55 457 400 963 115 897 460 493 133 713 369 507 613 288 129 63 716 423 480 826 358 695 204 59 101
143 685 830 577 459 417 761 759 123 787 778 849 228 801 449 855 460 509 895 936 760 765 282 811 443 124 69 555 773 897 68 861 708 224 569 706 875 255 547 129 326 415 960 233 614 497 812 183 753 89 938 899 442 207 13 432 950 943 875 394 5 644 871 368 401 95 436 26 268 237 202 19 300 612 765 368 786 860 834 924 170 498 27 288 594 888 652 489 487 753 971 132 636 252 510 636 453 390 776 872 305 159 571 737 366 763 122 814 780 358 218 999 697 455 535 623 234 687 261 906 318 793 810 471 920 737 542 402 918 131 542 785 132 501 999 648 483 410 844 865 709 390 486 326
26 67 956 516 805 444 318 457 261 396 310 516 685 906 651 953 210 51 799 970 731 584 680 598 805 483 46
70 566 663 758 345 566 718 75 448 748 272 723 283 677 678 342 891 806 156 857 987 710 272 526 543 770 860 113 616 475 433 996 647 56 333 172 244 118 90 564 523 593 659 344 651 160 971 807 239 560 724 65 856 211 492 311 228 165 124 91 350 750 634 150 72 483 799 692 239 937 70
115 151 597 679 268 262 837 675 571 554 825 238 698 913 963 756 846 873 350 602 567 695 206 270 490 908 677 571 963 434 441 215 1 85 882 214 205 455 881 667 788 723 674 923 713 870 542 829 452 165 570 241 924 121 518 843 179 46 61 846 838 481 266 837 320 677 852 85 247 365 677 618 650 769 467 697 250 423 641 245 771 539 302 247 72 692 156 268 954 731 497 704 883 913 340 286 647 3 516 341 278 112 635 960 814 804 821 279 832 450 491 175 784 343 314 387
117 774 625 680 580 779 346 869 155 477 347 12 758 179 443 123 897 572 907 620 685 843 227 846 918 464 166 108 923 655 533 733 359 467 932 417 105 161 391 291 161 472 164 43 255 206 497 310 830 112 334 285 627 708 294 214 86 848 711 127 995 403 733 299 871 833 599 308 783 156 633 1000 184 167 969 613 171 8 548 247 539 267 154 320 516 354 379 51 218 284 770 627 343 10 441 431 578 462 264 860 383 402 191 914 285 249 881 505 5 576 89 43 251 962 304 774 250 45
11 799 985 838 649 347 313 395 772 614 240 240
188 750 677 95 130 948 655 143 45 274 146 492 190 5 852 169 784 668 856 702 961 875 142 732 656 617 492 64 925 656 620 729 47 827 631 823 240 103 442 834 492 570 373 926 279 607 183 3 672 216 395 317 613 201 897 780 241 86 673 151 577 884 146 739 800 6 570 581 115 767 634 955 242 566 157 461 88 573 970 145 135 188 309 660 460 875 928 991 307 611 938 690 400 343 749 629 871 907 732 641 659 460 809 135 65 924 64 263 531 453 606 453 373 678 407 767 641 668 139 870 205 113 424 668 326 530 186 641 15 285 956 966 459 149 480 60 322 326 274 909 898 13 450 821 7 551 898 104 223 747 928 87 130 61 638 412 194 300 715 284 774 992 516 531 376 790 502 252 811 987 427 641 665 861 573 865 549 17 735 134 708 131 121 925 82 156 693 204 934
160 379 649 372 94 868 716 977 742 335 761 366 916 140 124 784 342 48 843 64 960 443 385 702 312 960 799 373 813 335 512 54 589 602 42 244 341 119 520 692 80 234 325 446 995 590 98 756 360 548 112 760 314 376 130 42 260 752 353 339 908 871 84 834 725 321 430 970 554 244 761 441 875 273 554 742 642 705 955 70 991 671 953 927 345 386 532 598 18 881 956 496 220 378 733 792 565 884 688 833 75 450 170 491 744 857 849 308 520 916 15 46 283 608 38 400 16 580 850 997 893 671 298 937 624 911 203 159 555 958 726 286 825 89 34 564 545 908 154 315 452 749 293 24 964 737 589 993 520 623 867 199 685 253 443 400 52 638 431 995 477
133 803 580 272 101 959 619 696 191 478 406 439 797 48 72 696 317 856 188 141 84 511 576 842 109 984 15 481 423 274 295 210 526 942 235 944 481 867 428 554 326 157 993 674 748 431 154 268 635 15 66 241 663 150 89 488 334 303 61 748 508 282 61 952 114 130 439 193 25 93 698 416 975 136 390 941 409 977 21 416 500 826 853 986 940 20 819 433 934 594 951 511 540 685 482 738 389 649 562 683 360 157 640 450 66 41 149 753 870 824 523 749 139 641 166 38 737 101 385 683 676 633 741 468 770 459 408 138 172 760 7 540 230 824
92 753 508 233 466 816 441 71 832 760 482 889 976 529 557 786 959 703 141 341 97 979 312 316 858 390 873 610 526 442 973 745 97 736 760 257 116 413 568 207 155 51 580 746 338 528 126 686 610 133 138 341 882 943 491 432 629 821 945 439 543 261 374 864 205 660 700 855 767 603 61 686 477 5 900 262 919 390 570 274 714 933 636 155 234 789 703 67 400 186 709 801 262
225 299 279 29 181 433 509 100 988 481 279 757 418 2 737 714 716 863 417 997 435 822 903 976 620 533 495 989 80 908 650 284 728 375 641 970 680 124 425 65 660 687 304 777 80 116 280 918 32 284 620 420 665 278 376 661 474 721 652 359 943 131 706 804 613 735 566 450 285 502 598 974 480 297 97 990 488 587 149 315 655 315 438 707 14 97 576 381 181 737 78 52 925 635 489 390 342 860 814 589 186 152 267 56 108 353 288 450 365 81 582 73 440 951 808 860 942 622 112 449 632 986 906 745 30 506 532 686 512 112 326 730 393 84 360 457 70 992 41 231 871 952 940 542 429 938 922 900 694 769 828 26 392 985 521 823 497 827 894 278 768 307 859 618 234 424 386 769 89 602 418 182 226 185 377 942 625 761 724 21 918 156 368 178 240 506 773 679 311 364 719 435 331 925 799 674 990 291 981 227 96 807 430 908 91 814 728 807 533 10 726 664 531 929 68 899 507 527 241 31 532 282 587 164 755 45
255 465 441 823 973 127 282 779 584 736 315 754 113 425 8 706 916 459 263 769 826 893 949 774 47 428 310 407 689 976 405 593 719 45 561 312 691 522 12 803 977 716 697 85 14 650 773 103 652 763 759 601 808 771 518 456 253 909 101 519 34 824 291 879 478 433 56 999 163 162 667 356 640 849 6 444 42 290 238 29 638 809 349 986 581 558 934 764 693 866 858 12 228 331 684 640 981 723 979 519 322 489 590 852 170 332 668 693 38 567 765 875 76 488 834 80 277 473 506 833 765 341 819 326 236 808 994 537 84 577 170 396 847 788 985 68 261 812 657 426 808 402 687 295 939 794 191 181 347 646 186 896 937 631 521 586 821 792 762 236 135 679 26 759 280 348 703 817 324 23 576 977 662 718 283 419 177 337 738 792 935 469 217 96 588 470 489 888 917 432 506 162 964 895 84 207 17 811 364 851 513 681 199 972 852 397 700 126 683 147 472 501 880 699 347 212 450 322 417 828 125 276 304 527 609 443 40 968 237 949 696 538 502 178 675 182 971 687 573 513 820 176 705 585 315 783 798 167 719 163 713 604 635 313 791 875
145 153 961 76 525 983 790 542 197 37 813 689 139 539 736 519 282 418 457 240 908 257 522 54 176 938 684 984 61 452 14 647 682 769 150 193 313 535 262 112 78 395 644 420 939 713 37 219 760 594 416 293 670 726 224 983 15 191 804 316 508 520 190 43 180 231 783 662 559 748 700 241 199 812 120 15 641 128 532 829 803 437 634 198 281 319 745 46 669 793 74 115 234 646 771 816 741 107 937 994 309 296 323 756 604 721 349 763 635 850 994 563 108 900 26 637 362 624 293 713 82 984 881 398 862 216 710 712 377 800 85 139 27 740 415 924 553 375 856 369 589 641 500 556 157 781
95 109 64 950 591 482 200 28 945 839 260 716 763 870 226 572 757 204 364 83 17 614 892 254 641 610 874 973 932 468 693 127 414 946 135 413 557 781 810 114 957 641 395 132 858 685 905 956 969 369 978 212 755 335 914 679 58 745 708 502 870 679 413 123 831 944 7 246 357 943 773 537 761 468 462 17 42 994 50 539 448 780 828 951 640 850 547 593 611 379 618 351 846 182 188 748
252 165 972 171 237 420 546 192 115 859 528 621 527 899 285 406 610 54 606 805 787 995 474 342 379 973 456 399 711 606 550 529 143 153 943 115 948 386 515 314 134 742 401 533 992 374 816 573 170 261 823 351 839 108 917 323 916 114 49 745 773 288 899 673 935 236 73 557 57 577 587 134 431 32 307 897 273 422 111 402 859 165 957 226 402 554 272 828 303 501 359 233 548 608 386 215 921 51 484 318 76 391 525 403 108 869 403 287 970 607 190 794 744 558 73 222 893 708 374 61 281 997 574 878 140 816 66 806 549 543 886 155 74 749 108 875 655 734 427 504 330 221 563 72 678 687 925 267 485 692 597 760 970 37 647 779 186 866 964 46 314 922 497 382 869 51 164 8 304 530 288 751 707 560 119 620 168 488 527 37 130 678 63 911 688 316 815 607 655 664 269 54 86 531 179 187 464 309 227 753 144 367 352 484 852 33 198 342 716 319 355 808 688 105 480 833 521 744 749 949 868 641 174 359 131 408 29 13 202 448 143 379 84 721 294 563 35 786 741 1 556 32 134 964 380 843 489 476 586 329 49 629 954
261 894 645 622 996 566 225 864 12 230 411 561 547 519 958 735 885 747 213 664 644 758 982 878 188 972 632 216 383 460 435 87 265 830 401 386 431 172 748 913 766 508 823 408 269 402 579 21 319 913 39 453 913 374 461 222 70 589 68 385 647 48 370 397 119 74 510 390 885 520 703 479 910 417 133 846 936 690 210 767 309 117 152 265 963 161 207 574 528 337 43 99 425 121 769 702 302 314 875 738 509 58 500 759 238 340 463 374 975 361 95 809 337 40 184 628 752 674 902 886 730 501 279 204 395 419 32 859 8 396 359 58 345 18 953 245 98 333 466 358 2 394 111 559 450 371 902 950 779 715 55 406 331 258 339 420 14 926 880 213 321 32 477 237 384 179 70 601 870 160 350 702 196 582 947 571 803 686 116 372 742 727 805 633 795 709 50 371 617 996 538 896 630 292 667 933 12 908 452 486 838 698 125 703 57 799 189 860 664 774 800 935 905 324 329 635 226 51 165 748 189 109 732 182 593 702 619 752 916 735 607 876 889 301 854 684 910 382 679 389 442 615 931 300 67 868 637 73 971 366 123 317 893 727 267 332 345 235 943 947 727 307
105 561 568 436 297 811 369 748 159 898 695 394 906 207 290 730 526 143 769 78 76 754 685 888 980 820 396 966 345 209 111 190 295 533 908 524 338 332 68 521 995 757 436 185 662 50 580 851 714 639 654 185 52 206 513 32 432 720 314 52 239 291 48 546 498 927 347 855 336 899 489 735 553 256 263 825 474 58 122 682 609 461 18 512 491 738 211 974 467 518 56 786 701 912 656 310 452 264 8 556 949 718 664 167 573 884
154 514 697 276 608 555 987 572 403 943 73 786 123 471 868 577 600 413 656 141 239 811 688 205 976 148 261 53 629 205 374 820 836 106 682 293 81 706 878 133 422 51 730 700 123 738 659 880 321 477 19 971 709 600 734 154 63 631 211 604 541 562 974 433 211 806 849 364 594 322 521 942 27 372 141 772 765 698 689 206 96 708 38 667 58 422 690 304 268 884 692 755 632 64 397 938 201 980 286 678 26 584 239 711 393 743 112 581 523 301 894 613 967 908 915 607 915 32 378 573 808 470 835 562 710 521 128 425 486 944 912 145 315 695 502 845 781 307 83 701 901 72 888 744 532 403 637 177 936 952 381 485 968 489 282
51 481 27 337 403 924 235 180 133 203 794 315 778 196 651 813 800 158 91 135 448 822 223 721 348 719 326 133 278 660 348 657 196 14 671 754 932 8 37 651 609 609 90 277 558 686 63 967 104 689 651 238
240 337 993 45 576 33 288 923 6 44 104 676 933 918 34 615 258 182 949 426 614 210 61 160 225 769 53 471 362 430 851 914 688 393 488 156 223 309 37 71 62 235 513 207 591 520 403 95 398 78 995 981 562 673 879 658 581 644 211 30 993 7 755 942 322 153 390 640 291 780 524 300 940 279 767 550 208 337 623 995 810 534 599 102 853 53 634 434 865 384 618 857 540 454 816 683 488 992 294 798 588 983 509 582 972 842 508 603 207 419 587 413 913 226 560 364 542 835 13 836 331 594 457 26 908 838 612 280 678 155 389 339 834 156 156 684 355 287 271 526 238 148 710 935 389 280 668 895 9 834 450 4 963 176 586 235 974 346 374 487 760 974 473 150 282 955 215 816 749 516 442 497 436 430 941 102 157 696 859 936 296 950 593 632 657 332 513 179 606 142 696 230 992 323 979 822 980 18 765 881 48 731 348 981 615 349 843 129 637 390 628 646 75 521 818 18 953 221 954 376 851 842 566 61 437 747 943 58 205 358 264 458 244 480 827 155 992 730 36 382 899
228 933 365 579 71 421 258 643 989 607 838 638 442 639 493 29 275 875 655 855 135 793 248 824 873 267 771 126 966 493 403 625 232 475 830 549 504 686 892 145 126 173 845 497 924 643 223 272 466 813 106 464 779 741 220 893 204 236 300 4 169 842 929 317 358 167 616 745 228 288 375 41 740 193 307 880 793 908 220 684 801 862 812 823 6 955 168 672 329 868 149 103 797 814 300 215 908 948 167 570 171 626 680 80 667 427 66 294 589 423 53 415 925 275 435 891 496 800 236 919 987 55 547 10 838 330 284 147 498 309 41 168 842 218 980 816 814 661 581 759 366 915 682 549 323 594 764 163 501 875 231 348 645 276 609 66 969 900 758 496 583 235 312 186 947 361 163 614 6 89 897 780 325 474 345 648 867 438 184 903 937 354 24 955 181 645 792 573 934 502 776 828 217 809 843 201 198 861 293 305 409 894 457 63 990 569 226 881 561 838 891 345 594 286 36 392 537 822 939 278 460 384 888 559 547 691 908 777 189
34 54 720 603 308 867 421 813 290 570 949 589 79 150 563 199 972 292 720 564 669 62 8 196 231 440 870 240 16 586 276 535 65 987 124
23 255 395 240 413 984 54 807 658 303 95 166 864 62 665 841 40 10 984 808 15 292 414 924
26 489 807 513 965 446 481 912 105 478 811 129 848 880 972 466 933 482 669 971 21 994 430 321 946 305 481
150 30 81 775 552 384 399 974 373 894 510 885 29 330 212 24 869 966 216 313 872 508 402 164 873 641 120 25 328 370 130 274 159 450 252 1 873 364 520 392 486 343 344 55 763 914 861 601 272 289 892 789 117 727 76 52 14 832 812 887 252 876 308 543 640 886 445 80 662 131 486 419 457 33 889 319 28 192 90 87 204 316 600 902 562 308 948 576 706 471 794 29 795 989 71 898 769 104 919 756 133 889 216 989 595 266 989 530 478 156 344 65 412 314 386 748 308 572 138 155 694 493 956 397 828 596 842 929 517 15 613 295 183 284 980 16 562 760 90 957 27 216 906 588 246 873 905 411 922 994 392
63 354 466 956 895 238 817 583 711 239 800 527 151 680 550 502 504 445 319 841 786 196 156 738 192 521 823 494 899 829 164 751 869 27 311 521 586 859 267 342 161 302 129 217 754 510 287 779 416 687 71 420 320 992 951 873 211 586 884 595 393 18 914 956
223 149 790 151 738 972 144 214 992 659 841 76 696 123 497 502 209 680 455 368 356 136 208 966 958 903 884 793 106 974 248 977 200 84 194 334 786 175 778 663 525 275 430 309 616 858 377 312 651 586 433 676 465 447 413 570 344 619 886 665 89 309 396 288 975 110 200 955 141 133 331 244 434 252 563 576 665 796 112 700 583 790 693 551 495 185 630 988 589 172 436 846 898 142 605 11 619 974 129 817 915 345 572 901 720 271 303 850 966 861 926 219 693 131 515 784 218 53 112 558 581 84 111 913 222 100 851 109 192 528 784 493 53 560 113 633 697 118 192 691 238 85 289 807 182 120 646 905 292 324 420 896 917 96 729 152 436 158 70 804 127 418 751 633 906 987 511 8 759 719 325 379 368 68 914 426 808 558 895 744 709 411 522 311 131 108 473 859 570 448 880 366 477 498 750 298 543 730 707 405 112 785 826 553 839 331 98 698 993 280 856 583 502 965 985 317 503 505 658 836 450 813 726 548
306 55 345 108 238 246 457 653 373 70 643 529 96 468 661 173 222 24 13 310 426 596 871 841 789 238 25 33 3 820 814 213 330 893 35 932 82 925 119 484 323 536 825 768 642 860 822 29 766 842 150 652 847 795 763 581 913 237 460 734 244 59 859 165 496 797 517 101 470 878 292 859 114 331 464 532 819 422 336 222 497 274 386 551 447 640 983 903 919 141 375 678 770 682 662 270 251 959 172 428 233 234 728 182 817 346 836 284 73 911 464 665 248 825 726 786 755 114 836 561 196 894 949 215 670 20 983 311 438 443 890 775 87 328 833 681 615 613 877 561 973 662 730 772 362 292 740 207 608 182 426 496 990 222 148 595 59 663 552 397 702 859 53 656 482 764 39 533 220 27 114 104 312 958 484 434 419 650 420 539 187 429 945 365 444 605 556 160 295 706 199 81 766 317 892 57 189 520 21 301 156 677 346 668 779 167 49 746 706 428 445 375 860 416 484 41 943 238 287 211 920 565 822 754 968 511 572 480 417 535 579 536 97 649 899 982 728 118 475 407 239 130 850 814 933 721 943 121 698 643 624 975 375 305 790 992 404 904 99 125 644 703 153 279 868 478 562 7 544 791 164 88 456 440 964 752 463 977 416 36 208 935 400 946 615 629 6 938 997 168 239 674 564 446 147 90 556 935 114 535 179 892 917 911 790 805 621
163 434 756 519 282 610 778 524 371 315 879 337 467 639 364 914 208 972 337 346 160 464 330 50 728 958 878 309 380 566 419 21 727 793 602 312 837 856 898 935 480 812 647 975 466 884 63 224 426 613 401 236 591 9 872 413 343 274 767 824 561 629 855 599 778 506 191 775 629 979 225 366 360 371 990 354 699 569 474 926 52 485 69 144 753 872 210 89 812 970 297 429 747 399 542 168 90 569 502 220 472 598 834 472 478 517 244 467 686 498 206 574 101 285 111 699 319 363 71 637 799 591 267 797 21 244 494 404 60 926 179 903 165 664 167 737 756 569 257 325 327 179 447 997 895 394 129 712 136 996 64 782 484 634 267 399 407 78 967 619 216 336 315 803
216 672 451 905 297 648 158 80 328 683 11 394 359 433 841 9 434 736 293 955 755 737 230 214 276 405 649 988 841 654 618 328 232 759 960 822 638 301 94 397 551 730 37 927 163 20 21 662 325 487 31 128 887 465 709 21 6 685 407 569 172 111 77 442 12 826 851 769 384 505 361 586 734 554 285 269 414 136 273 980 232 74 121 444 678 323 666 255 932 227 397 286 807 102 507 506 108 700 21 565 912 389 386 31 508 428 527 990 896 182 660 76 346 54 922 830 307 99 843 648 102 180 721 386 42 755 271 194 993 212 138 198 326 464 274 502 854 562 335 126 826 356 127 412 158 930 715 912 84 74 886 729 91 121 751 396 390 908 947 666 247 929 405 22 624 849 619 697 519 341 924 607 856 319 150 402 754 130 851 767 198 103 479 545 237 188 150 786 454 190 400 798 201 52 53 683 132 194 85 302 457 495 149 258 806 329 871 48 681 277 352 799 699 160 748 775 446
23 520 114 336 567 280 222 429 477 32 631 313 190 152 587 520 827 666 607 683 273 990 776 244
111 448 779 205 978 996 206 900 856 360 522 75 862 472 928 459 469 133 437 363 643 215 193 242 684 623 507 837 955 356 90 525 967 287 968 756 320 88 406 303 656 133 204 343 1000 415 558 339 46 220 623 231 695 556 461 88 484 229 289 219 599 800 130 6 689 652 339 54 879 244 505 779 827 394 229 796 624 264 676 345 522 292 278 976 241 704 558 517 875 414 236 210 704 268 878 872 109 811 406 640 902 135 216 397 224 201 282 521 312 149 359 955
69 714 94 287 511 378 624 882 509 588 14 110 873 489 23 797 579 933 981 827 45 20 145 12 463 384 220 397 806 809 277 742 403 632 317 479 108 359 258 550 216 264 23 760 619 574 195 886 974 452 879 447 360 691 935 278 117 74 568 317 856 397 616 962 335 409 975 714 207 523
139 841 763 685 74 840 728 735 395 940 711 203 523 988 764 623 190 188 104 881 743 671 694 204 89 564 9 231 356 462 277 959 685 362 297 502 738 247 384 615 500 167 161 908 130 996 35 292 351 235 347 167 865 537 262 932 845 683 51 779 593 203 821 38 808 291 441 181 173 992 325 790 534 563 792 474 87 251 821 343 937 851 911 330 649 805 103 49 818 937 569 843 247 795 654 779 100 537 512 611 33 269 864 146 506 967 40 933 341 655 549 155 933 603 376 858 228 170 254 816 66 331 206 339 609 39 393 622 637 999 183 75 891 172 872 215 102 554 323 831
149 202 771 453 558 262 632 444 435 880 178 862 755 169 578 259 386 584 516 364 280 973 769 761 307 689 811 166 75 841 474 609 319 140 909 495 599 483 853 33 673 564 335 53 980 249 713 174 493 518 512 331 995 61 756 720 249 648 667 67 571 349 224 699 769 578 493 357 998 783 312 839 871 768 923 152 630 490 89 158 904 579 873 667 637 349 995 369 691 151 522 298 900 287 695 899 241 163 902 772 864 16 710 345 211 170 553 4 501 928 165 96 224 665 617 749 888 255 741 790 749 768 828 690 881 747 713 603 754 330 386 262 95 592 766 763 933 383 392 296 819 799 788 871 405 464 349 681 147 343
306 955 846 930 879 139 253 414 604 750 304 977 434 234 336 131 883 580 220 922 278 771 360 834 770 556 193 906 584 918 14 38 213 250 146 888 770 184 426 174 235 323 170 914 396 754 870 876 697 411 495 157 941 642 42 584 915 436 672 574 779 488 738 109 940 574 51 99 811 232 153 403 415 757 351 242 801 328 55 130 346 544 475 518 67 332 186 142 532 525 329 641 2 2 301 513 892 203 991 234 988 763 408 363 22 558 230 554 723 405 952 15 86 129 35 828 282 171 371 964 327 966 51 761 114 408 842 528 352 501 92 592 795 171 282 264 215 448 474 370 559 392 42 689 639 616 498 799 97 185 578 154 949 81 669 192 915 743 39 473 67 869 126 691 900 273 56 86 199 818 754 715 674 339 694 965 122 878 666 960 767 231 707 961 24 30 314 136 11 829 867 137 953 195 663 917 995 583 441 260 118 228 265 421 763 343 461 29 68 489 788 78 847 551 114 588 469 122 494 868 217 996 594 172 794 211 212 250 278 319 787 569 997 140 737 835 912 439 588 306 508 270 939 509 426 356 217 475 922 127 213 968 875 285 618 435 296 562 732 399 714 322 55 177 534 514 356 949 462 123 156 207 20 722 553 966 683 47 451 947 214 527 688 527 288 248 204 196 820 341 41 272 681 6 54 157 353 895 59 279 558 91 481 38 496 47 161
295 688 695 125 540 960 919 91 535 824 33 501 995 785 931 338 875 891 463 973 128 512 930 142 183 799 811 1000 273 810 1000 802 32 716 8 169 480 928 147 559 75 889 527 425 78 965 652 97 211 820 556 157 56 686 759 691 564 182 171 324 683 321 442 259 908 248 852 88 448 381 487 817 259 846 662 588 249 159 342 303 42 95 8 552 385 317 372 947 185 122 291 909 634 180 466 280 130 67 595 338 374 13 594 370 265 68 387 560 365 13 150 711 883 645 594 535 492 918 587 747 444 115 214 851 812 924 862 724 499 698 329 96 952 608 344 684 865 420 689 592 164 178 902 728 666 241 647 750 526 524 308 325 283 804 877 943 803 732 770 943 886 267 938 444 164 947 479 722 624 889 865 986 656 635 573 312 92 966 931 853 927 663 321 870 846 788 685 118 206 56 425 967 977 367 570 833 625 594 824 734 251 862 588 166 502 560 213 91 26 305 103 820 981 441 826 751 186 418 918 775 678 464 249 895 509 391 608 286 512 62 542 57 550 42 200 754 26 548 333 379 842 803 953 994 801 306 829 275 446 993 446 812 962 641 895 470 639 429 382 698 292 777 226 956 348 786 599 946 991 707 339 384 916 653 356 639 403 365 702 477 402 324 59 600 233 851 671 72 943 365 276 729 942 246 984 671
226 449 333 121 269 492 533 722 966 638 239 164 408 724 104 12 494 127 20 926 379 690 592 923 964 273 258 553 480 593 803 571 934 415 192 102 153 943 715 948 922 528 34 188 490 835 195 879 854 5 658 537 914 653 891 985 861 745 502 952 108 320 297 810 985 347 233 753 877 236 679 932 77 992 822 935 552 414 160 537 379 68 738 543 237 889 392 219 565 541 440 6 912 666 808 749 913 863 770 598 809 637 137 768 974 284 220 14 691 19 664 178 66 77 406 52 329 417 45 186 887 412 565 269 368 114 355 581 302 752 792 138 172 510 98 614 522 447 665 175 444 943 546 800 414 175 598 435 467 70 271 565 140 877 810 10 228 734 178 169 460 776 968 662 792 729 878 911 231 926 443 694 246 351 956 31 714 312 229 15 556 624 100 99 153 248 129 282 594 412 90 911 79 176 602 28 365 168 998 642 328 778 208 901 738 926 299 59 31 923 158 109 885 351 813 413 811 914 609 963 174 861 355 461 135 5 669
264 14 710 650 784 256 353 959 655 119 418 790 451 38 147 244 586 100 764 322 687 100 719 114 404 196 604 759 803 121 147 64 78 601 166 982 717 841 487 58 580 819 428 117 680 432 1 823 781 584 487 222 931 745 233 381 876 165 982 188 441 834 870 444 18 763 761 931 172 277 454 692 935 805 716 848 224 274 815 37 706 858 26 206 284 701 246 538 163 647 711 457 208 988 558 944 341 313 730 176 32 707 875 484 271 612 609 703 945 81 861 235 625 34 906 720 515 152 303 746 744 236 719 694 207 807 163 912 306 889 199 958 286 824 960 211 887 982 799 513 608 606 810 276 478 876 685 187 652 646 552 57 895 126 218 369 469 732 542 693 805 698 535 597 858 770 749 117 456 219 652 826 263 395 541 788 217 847 531 311 611 672 27 686 466 761 517 679 564 191 614 438 585 355 560 73 917 445 427 153 225 859 842 958 680 910 412 903 536 890 314 110 711 247 341 36 154 147 949 477 697 315 227 304 665 21 369 908 571 231 910 421 21 856 389 54 630 821 898 970 438 668 645 817 599 616 122 267 274 609 851 691 149 749 828 967 505 698 928 539 174 813 813 560 136
131 133 170 204 929 967 522 870 529 246 511 889 767 304 178 896 251 203 679 747 855 737 31 899 991 628 392 860 26 717 446 942 381 261 326 941 818 921 261 978 788 797 825 265 460 200 994 650 670 36 954 80 990 636 266 21 864 539 503 796 93 1000 888 404 237 185 655 514 686 887 630 828 543 826 993 8 819 789 653 933 196 253 178 407 102 394 683 643 654 526 553 353 213 108 915 191 983 667 305 831 935 386 456 917 548 251 80 142 428 222 311 761 371 908 863 750 697 722 793 849 341 793 871 988 655 561 450 913 41 814 825 210
105 560 616 760 882 394 414 74 687 358 29 593 116 439 851 764 950 793 712 817 893 188 110 633 504 199 899 698 997 197 518 337 210 358 324 367 924 458 969 964 667 454 457 803 884 291 234 860 222 543 804 330 414 338 288 814 4 223 76 229 935 392 682 921 698 595 765 481 849 461 659 981 702 704 321 808 24 464 141 676 89 551 127 763 456 726 313 926 848 693 514 631 526 731 571 795 322 195 216 162 34 865 856 719 915 742
131 552 820 847 787 806 708 948 991 917 869 17 520 245 836 441 216 486 151 818 790 343 337 973 551 887 622 63 725 674 383 437 472 223 575 225 491 866 686 995 879 296 651 984 104 197 637 683 753 180 38 575 207 595 264 983 36 703 329 227 825 196 174 539 853 860 461 105 60 231 195 461 665 3 359 506 393 972 861 598 266 841 197 710 32 947 536 107 315 296 524 68 417 277 79 80 162 15 91 801 111 858 709 281 455 337 792 693 552 776 252 96 366 684 832 116 68 510 634 257 417 73 45 843 779 207 456 948 81 283 590 581
45 300 251 362 498 645 380 16 585 244 697 369 185 21 110 108 786 244 69 704 740 753 611 306 94 913 901 681 701 613 507 771 478 635 587 913 611 752 107 220 246 833 582 836 734 870
56 458 109 922 106 679 54 284 849 36 686 293 839 132 23 404 537 659 936 984 522 825 619 280 814 325 420 152 144 339 307 189 244 157 917 199 583 850 402 704 885 566 921 698 598 813 475 307 381 766 673 49 419 619 125 659 593
34 234 42 845 818 367 482 578 135 482 49 783 782 472 246 887 266 638 890 191 191 355 666 324 220 237 787 288 590 260 271 18 103 468 760
289 385 697 554 743 917 958 675 252 937 45 804 464 639 674 94 925 145 429 219 150 364 790 789 443 199 718 974 685 955 441 435 912 295 949 450 13 901 894 298 30 374 140 698 383 209 541 349 960 535 824 797 203 869 284 352 72 47 523 833 318 141 386 13 560 385 999 543 889 775 701 686 795 324 889 8 646 935 202 821 66 916 830 608 287 802 612 486 444 736 71 817 435 450 367 369 20 936 74 816 876 851 44 841 562 302 26 684 78 453 201 433 739 114 941 472 286 906 447 477 981 740 153 737 501 498 303 525 53 41 492 896 266 237 210 237 764 399 971 169 456 398 822 467 165 527 398 593 421 472 357 140 314 779 242 381 578 732 383 774 362 258 903 965 478 672 909 340 933 295 341 708 139 503 676 854 408 75 159 693 691 405 665 45 383 144 824 113 110 35 690 909 234 234 169 805 437 196 196 292 504 612 110 4 684 383 703 851 554 1 264 197 359 267 836 606 645 474 169 715 302 111 694 622 586 133 473 731 211 48 275 900 682 640 503 574 785 86 60 488 612 673 592 164 899 707 200 100 196 826 362 466 987 191 277 954 464 229 980 884 581 542 333 624 632 812 234 145 130 978 694 59 564 300 696 45 28 253 498 339 631 889 883 860 722 173 636 731 966 709
83 972 742 463 36 849 412 496 576 997 127 681 5 701 699 354 531 78 229 931 371 468 483 195 841 788 128 939 820 730 465 36 982 36 365 204 6 536 528 193 751 189 735 736 112 995 98 286 729 517 259 869 402 383 278 108 104 706 238 930 604 926 288 737 536 812 911 513 795 198 164 89 380 374 333 869 615 205 5 874 680 137 917 421
305 269 367 202 658 272 365 211 578 893 311 98 201 526 709 774 935 262 152 437 9 105 29 813 956 266 346 318 987 39 27 167 76 279 706 652 852 67 631 643 306 386 119 498 290 366 507 989 540 987 440 933 12 747 914 466 100 198 422 460 79 106 887 404 318 941 746 240 753 996 845 677 994 147 70 711 543 693 764 99 133 766 745 234 433 95 829 447 296 361 632 253 185 484 638 424 986 775 199 70 724 996 117 735 947 911 983 407 951 37 5 914 344 524 163 701 806 366 391 474 430 556 16 832 304 614 352 743 161 457 825 311 660 305 695 233 540 260 748 299 46 681 791 957 229 938 379 674 298 426 734 993 643 890 433 62 704 628 346 833 36 356 67 590 256 814 824 566 306 44 40 93 809 474 568 403 663 379 503 979 52 593 145 682 938 363 8 460 787 85 542 268 240 108 936 44 526 214 469 722 53 526 334 513 269 815 676 218 833 523 361 981 998 636 305 953 882 757 29 667 884 423 319 944 950 60 269 610 655 317 301 956 943 806 349 885 91 932 420 575 637 183 65 340 867 326 372 736 330 19 474 768 99 189 936 163 433 663 715 252 369 676 70 199 812 984 967 927 750 864 151 43 235 985 756 539 741 29 74 219 368 70 182 105 381 508 933 445 767 22 480 218 787 349 669 638 209 56 521 470 492 213 941 388 392 825
226 285 148 812 784 898 384 635 433 607 686 647 110 543 976 103 70 834 963 648 101 732 763 20 978 53 513 285 580 246 750 128 743 645 782 129 483 567 20 168 306 684 698 360 872 180 787 935 616 548 1 559 272 14 323 37 361 161 53 303 998 432 691 238 587 910 392 282 405 261 399 713 883 971 958 461 976 967 196 806 197 925 684 504 837 83 403 917 694 422 634 177 480 317 939 962 122 460 102 295 230 99 532 610 757 234 536 716 944 464 960 59 43 64 31 99 620 139 905 256 11 981 409 479 351 632 201 538 416 968 867 631 884 986 59 312 213 905 588 150 434 859 195 577 562 582 645 276 841 515 869 111 733 935 483 973 58 479 901 547 994 886 330 512 760 894 685 759 659 8 512 905 895 816 465 86 339 257 515 377 447 159 277 254 967 293 50 604 240 365 943 16 98 490 7 867 403 4 216 971 862 908 200 652 6 622 115 941 824 899 605 415 911 133 990 887 41 331 627 634 904 595 441 275 513 411 890
271 160 688 298 498 336 328 987 982 796 942 675 780 74 142 743 356 476 407 158 901 510 950 130 60 235 737 616 168 567 886 815 261 782 124 187 899 41 581 156 427 459 967 437 541 220 511 999 367 818 437 752 903 838 559 227 468 861 453 870 116 854 201 719 627 804 690 725 627 56 315 421 928 845 753 532 351 493 231 383 148 278 791 23 802 901 532 668 59 906 663 697 996 317 910 542 810 876 128 92 858 337 547 473 597 659 788 731 884 571 90 258 307 229 203 57 140 357 228 843 383 893 663 536 740 52 392 605 503 442 810 551 521 19 543 549 214 157 818 623 22 622 272 720 709 477 879 952 486 542 568 913 123 576 834 909 136 579 967 48 74 368 132 607 595 209 875 656 428 774 270 401 805 538 853 889 575 356 601 782 718 803 105 291 300 486 967 922 820 31 777 238 722 997 451 658 101 385 88 337 619 195 458 321 730 963 560 440 964 241 351 715 908 794 570 902 800 173 857 191 80 817 955 152 15 85 380 605 534 36 842 283 2 30 159 860 51 607 810 427 549 705 434 232 219 576 692 535 821 319 797 884 886 208 638 400 634 976 625 683 604 840 893 101 377 635 236 279 151 734 437 427
352 576 70 823 276 778 984 69 180 753 565 888 301 467 471 554 206 448 176 232 909 342 696 8 715 461 521 632 314 264 514 519 890 500 828 114 238 708 203 744 692 485 312 129 34 26 764 952 261 139 880 506 199 431 278 58 926 786 508 426 205 397 494 111 975 542 178 417 747 394 248 137 376 910 260 6 224 769 456 154 756 310 653 55 812 303 802 117 930 514 722 812 581 499 137 919 904 640 416 345 156 405 442 747 193 2 330 300 942 424 240 134 495 751 716 803 236 139 520 564 490 563 327 892 145 279 329 629 632 242 626 657 742 157 127 701 780 72 410 52 223 572 798 991 295 634 575 966 611 688 591 118 162 544 910 865 97 351 362 264 526 583 599 652 457 657 820 754 16 16 382 263 945 3 455 722 733 188 560 329 89 810 911 559 39 730 650 316 757 7 963 354 893 154 610 451 489 87 562 693 848 637 2 812 186 236 251 231 237 496 335 954 662 67 875 241 812 410 473 429 316 875 935 913 50 711 921 394 983 720 1 66 728 124 397 227 551 376 48 421 159 728 371 418 570 821 502 411 834 676 87 568 874 808 297 850 333 185 308 413 532 277 341 251 128 180 809 566 986 407 662 311 934 80 535 859 992 880 986 30 947 974 500 865 737 544 109 55 16 676 99 161 17 467 607 140 393 309 589 244 157 370 113 782 432 179 589 485 559 848 904 693 915 383 71 467 79 567 249 981 766 73 360 805 176 211 19 933 177 551 622 384 32 454 372 671 64 12 366 847 355 338 542 306 10 591 144 675 385 588 933 595 977
63 486 997 185 872 413 102 428 358 977 774 765 576 188 293 104 807 226 291 906 805 218 86 626 888 213 539 583 807 270 842 828 196 546 326 307 539 841 405 878 978 43 224 460 547 543 15 947 10 284 85 383 111 870 680 451 536 97 184 770 545 164 809 104
148 866 468 758 481 825 98 492 143 693 103 133 253 891 417 429 696 642 750 818 565 5 826 124 641 293 364 146 488 935 918 229 112 918 812 223 160 286 51 700 756 781 171 501 48 7 540 734 367 992 294 826 293 808 41 85 155 717 452 569 63 110 814 159 532 146 941 601 839 195 587 490 8 132 527 155 514 616 241 710 613 256 540 486 823 597 625 860 528 309 863 925 745 40 189 434 826 463 265 439 429 211 651 281 426 104 333 227 633 513 42 865 921 604 454 960 824 502 211 169 128 974 593 653 858 210 549 103 116 479 802 886 935 552 761 605 877 406 63 471 31 246 75 449 949 890 871 772 920
89 607 929 606 189 191 134 129 409 512 762 388 61 993 176 581 300 207 207 817 291 79 534 881 785 601 520 595 215 717 765 312 773 855 107 442 941 681 795 835 168 842 604 979 522 157 292 129 342 258 841 55 876 957 210 959 782 529 276 237 728 29 266 706 291 465 876 576 282 460 113 879 122 659 917 104 421 43 381 151 35 39 36 363 419 113 880 654 33 617
264 328 176 178 538 474 309 226 471 154 520 708 483 59 545 946 909 136 357 65 899 872 724 199 882 736 763 540 115 362 605 503 166 290 823 782 938 368 818 687 724 171 2 449 629 465 243 215 477 465 426 24 685 151 690 156 888 341 924 499 410 762 605 413 376 924 232 677 497 158 147 162 108 779 967 684 948 400 613 273 771 599 572 292 833 544 619 475 742 299 308 859 244 821 817 59 233 815 542 283 714 940 530 448 849 997 199 236 520 553 598 25 96 933 695 817 820 398 14 45 818 753 160 556 120 189 576 407 331 279 51 105 550 159 304 894 423 685 674 155 337 968 282 102 816 584 100 766 416 900 273 745 206 162 26 261 563 713 245 79 687 264 914 45 186 402 195 414 654 720 369 266 878 532 778 415 247 580 626 492 969 339 786 935 840 490 309 275 799 592 861 818 739 907 262 708 749 345 128 13 730 752 416 389 434 95 829 726 36 484 385 880 668 261 493 984 752 778 129 206 38 833 402 193 616 926 441 14 221 607 367 392 705 675 855 177 712 740 29 777 401 940 449 864 168 292 928 901 198 811 292 521 947 853 182 183 967 114 955 458 67 267 51 731 475
53 776 590 471 333 945 141 579 864 50 900 350 883 625 37 879 976 512 204 212 852 65 576 627 374 604 896 152 479 258 150 328 719 704 214 350 21 633 647 962 375 895 128 188 9 719 45 127 794 794 999 865 997 937
324 569 791 223 738 797 12 653 351 425 746 652 973 569 99 528 92 435 867 311 680 874 839 179 550 335 981 463 310 660 929 623 339 951 565 939 10 587 357 260 669 189 658 750 580 817 388 793 751 119 295 683 682 462 256 336 201 750 496 395 697 790 306 820 52 147 952 779 589 508 774 941 706 102 497 83 854 610 832 302 20 906 418 892 308 843 301 704 601 940 614 679 139 668 778 601 418 556 277 410 796 934 814 287 170 539 942 294 401 326 21 884 971 19 549 145 724 439 240 42 991 892 581 884 667 894 77 274 70 392 643 580 542 652 463 524 491 305 359 251 901 912 202 214 390 173 158 458 541 113 2 641 924 740 351 523 313 584 53 520 694 749 91 674 890 839 316 393 311 79 597 345 321 235 399 673 292 209 372 713 941 73 414 641 158 162 404 236 230 861 578 368 741 277 596 537 115 540 520 469 656 298 744 475 384 732 507 16 262 316 176 273 681 61 621 787 155 424 998 678 922 731 322 931 466 961 633 611 671 79 354 561 862 61 558 254 312 682 150 712 746 185 734 233 302 1000 906 110 927 175 258 17 167 808 545 257 718 833 172 56 504 519 654 147 256 304 831 19 786 791 303 975 352 703 946 546 94 204 824 920 791 228 207 183 856 687 89 866 17 512 540 417 119 663 7 673 141 579 119 786 258 307 264 98 569 238 938 645 746 712 813 245 739 739 815 21 612 520 254 465 935 309 236 560 788
